0.0007487500 134.681 0 0 0 67.6634 0
0.0012462500 369.552 0 0 0 186.264 0
0.0017437500 716.516 0 0 0 362.334 0
0.0022412500 1172.16 0 0 0 594.736 0
0.0027387500 1733.09 0 0 0 882.335 0
0.0032362500 2395.88 0 0 0 1224 0
0.0037337500 3157.14 0 0 0 1618.58 0
0.0042312500 4013.45 0 0 0 2064.96 0
0.0047287500 4961.4 0 0 0 2561.99 0
0.0052262500 5997.6 0 0 0 3108.53 0
0.0057237500 7118.62 0 0 0 3703.46 0
0.0062212500 8321.07 0 0 0 4345.63 0
0.0067187500 9601.54 0 0 0 5033.92 0
0.0072162500 10956.6 0 0 0 5767.18 0
0.0077137500 12382.9 0 0 0 6544.27 0
0.0082112500 13877 0 0 0 7364.07 0
0.0087087500 15435.4 0 0 0 8225.44 0
0.0092062500 17054.8 0 0 0 9127.23 0
0.0097037500 18731.8 0 0 0 10068.3 0
0.0102012500 20463 0 0 0 11047.6 0
0.0106987500 22244.9 0 0 0 12063.8 0
0.0111962500 24074.2 0 0 0 13116 0
0.0116937500 25947.4 0 0 0 14202.9 0
0.0121912500 27861.2 0 0 0 15323.5 0
0.0126887500 29812 0 0 0 16476.5 0
0.0131862500 31796.6 0 0 0 17660.8 0
0.0136837500 33811.5 0 0 0 18875.4 0
0.0141812500 35853.3 0 0 0 20119 0
0.0146787500 37918.6 0 0 0 21390.6 0
0.0151762500 40004 0 0 0 22688.9 0
0.0156737500 42106 0 0 0 24013 0
0.0161712500 44221.4 0 0 0 25361.5 0
0.0166687500 46346.5 0 0 0 26733.5 0
0.0171662500 48478.2 0 0 0 28127.7 0
0.0176637500 50612.9 0 0 0 29543 0
0.0181612500 52747.2 0 0 0 30978.3 0
0.0186587500 54877.8 0 0 0 32432.5 0
0.0191562500 57001.2 0 0 0 33904.4 0
0.0196537500 59114 0 0 0 35392.8 0
0.0201512500 61212.9 0 0 0 36896.7 0
0.0206487500 63294.3 0 0 0 38414.9 0
0.0211462500 65354.9 0 0 0 39946.3 0
0.0216437500 67391.3 0 0 0 41489.7 0
0.0221412500 69400.1 0 0 0 43044 0
0.0226387500 71377.9 0 0 0 44608.1 0
0.0231362500 73321.2 0 0 0 46180.8 0
0.0236337500 75226.7 0 0 0 47761 0
0.0241312500 77091 0 0 0 49347.5 0
0.0246287500 78910.6 0 0 0 50939.3 0
0.0251262500 80682.1 0 0 0 52535.1 0
0.0256237500 82402.1 0 0 0 54133.9 0
0.0261212500 84067.3 0 0 0 55734.5 0
0.0266187500 85674.2 0 0 0 57335.8 0
0.0271162500 87219.4 0 0 0 58936.6 0
0.0276137500 88699.5 0 0 0 60535.8 0
0.0281112500 90111 0 0 0 62132.3 0
0.0286087500 91450.7 0 0 0 63725 0
0.0291062500 92715 0 0 0 65312.6 0
0.0296037500 93900.6 6.0201e+06 0 0 66894 0
0.0301012500 95004.1 0 0 0 68468.2 0
0.0305987500 96022 0 0 0 70034 0
0.0310962500 96950.9 0 0 0 71590.3 0
0.0315937500 97787.5 0 0 0 73135.8 0
0.0320912500 98528.3 0 0 0 74669.6 0
0.0325887500 99170 0 0 0 76190.4 0
0.0330862500 99709 0 0 0 77697.1 0
0.0335837500 100142 0 0 0 79188.5 0
0.0340812500 100466 0 0 0 80663.6 0
0.0345787500 100677 0 0 0 82121.2 0
0.0350762500 100771 0 0 0 83560.2 0
0.0355737500 100746 0 0 0 84979.4 0
0.0360712500 100598 0 0 0 86377.7 0
0.0365687500 100324 0 0 0 87754 0
0.0370662500 99919.4 0 0 0 89107 0
0.0375637500 99381.8 0 0 0 90435.8 0
0.0380612500 98707.6 0 0 0 91739.1 0
0.0385587500 97893.3 0 0 0 93015.8 0
0.0390562500 96935.5 0 0 0 94264.9 0
0.0395537500 95830.8 0 0 0 95485 0
0.0400512500 94575.9 0 0 0 96675.2 0
0.0405487500 93167.2 0 0 0 97834.2 0
0.0410462500 91601.4 0 0 0 98961 0
0.0415437500 89875.2 0 0 0 100054 0
0.0420412500 87985 0 0 0 101113 0
0.0425387500 85927.4 0 0 0 102136 0
0.0430362500 83699.1 0 0 0 103123 0
0.0435337500 81296.7 0 0 0 104071 0
0.0440312500 78716.7 0 0 0 104980 0
0.0445287500 75955.8 0 0 0 105849 0
0.0450262500 73010.5 0 0 0 106677 0
0.0455237500 69877.4 0 0 0 107463 0
0.0460212500 66553.2 0 0 0 108204 0
0.0465187500 63034.3 0 0 0 108901 0
0.0470162500 59317.4 0 0 0 109552 0
0.0475137500 55399.2 0 0 0 110156 0
0.0480112500 51276.1 0 0 0 110712 0
0.0485087500 46944.8 0 0 0 111218 0
0.0490062500 42401.9 0 0 0 111674 0
0.0495037500 37643.9 0 0 0 112079 0
0.0500012500 32667.5 0 0 0 112431 0
0.0504987500 27469.2 0 0 0 112728 0
0.0509962500 22045.7 0 0 0 112971 0
0.0514937500 16393.5 0 0 0 113158 0
0.0519912500 10509.3 0 0 0 113288 0
0.0524887500 4389.51 0 0 0 113359 0
0.0529862500 0 0 0 0 0 0
0.0534837500 0 0 0 0 0 0
0.0539812500 0 0 0 0 0 0
0.0544787500 0 0 0 0 0 0
0.0549762500 0 0 0 0 0 0
0.0554737500 0 0 0 0 0 0
0.0559712500 0 0 0 0 0 0
0.0564687500 0 0 0 0 0 0
0.0569662500 0 0 0 0 0 0
0.0574637500 0 0 0 0 0 0
0.0579612500 0 0 0 0 0 0
0.0584587500 0 0 0 0 0 0
0.0589562500 0 0 0 0 0 0
0.0594537500 0 0 0 0 0 0
0.0599512500 0 0 0 0 0 0
0.0604487500 0 0 0 0 0 0
0.0609462500 0 0 0 0 0 0
0.0614437500 0 0 0 0 0 0
0.0619412500 0 0 0 0 0 0
0.0624387500 0 0 0 0 0 0
0.0629362500 0 0 0 0 0 0
0.0634337500 0 0 0 0 0 0
0.0639312500 0 0 0 0 0 0
0.0644287500 0 0 0 0 0 0
0.0649262500 0 0 0 0 0 0
0.0654237500 0 0 0 0 0 0
0.0659212500 0 0 0 0 0 0
0.0664187500 0 0 0 0 0 0
0.0669162500 0 0 0 0 0 0
0.0674137500 0 0 0 0 0 0
0.0679112500 0 0 0 0 0 0
0.0684087500 0 0 0 0 0 0
0.0689062500 0 0 0 0 0 0
0.0694037500 0 0 0 0 0 0
0.0699012500 0 0 0 0 0 0
0.0703987500 0 0 0 0 0 0
0.0708962500 0 0 0 0 0 0
0.0713937500 0 0 0 0 0 0
0.0718912500 0 0 0 0 0 0
0.0723887500 0 0 0 0 0 0
0.0728862500 0 0 0 0 0 0
0.0733837500 0 0 0 0 0 0
0.0738812500 0 0 0 0 0 0
0.0743787500 0 0 0 0 0 0
0.0748762500 0 0 0 0 0 0
0.0753737500 0 0 0 0 0 0
0.0758712500 0 0 0 0 0 0
0.0763687500 0 0 0 0 0 0
0.0768662500 0 0 0 0 0 0
0.0773637500 0 0 0 0 0 0
0.0778612500 0 0 0 0 0 0
0.0783587500 0 0 0 0 0 0
0.0788562500 0 0 0 0 0 0
0.0793537500 0 0 0 0 0 0
0.0798512500 0 0 0 0 0 0
0.0803487500 0 0 0 0 0 0
0.0808462500 0 0 0 0 0 0
0.0813437500 0 0 0 0 0 0
0.0818412500 0 0 0 0 0 0
0.0823387500 0 0 0 0 0 0
0.0828362500 0 0 0 0 0 0
0.0833337500 0 0 0 0 0 0
0.0838312500 0 0 0 0 0 0
0.0843287500 0 0 0 0 0 0
0.0848262500 0 0 0 0 0 0
0.0853237500 0 0 0 0 0 0
0.0858212500 0 0 0 0 0 0
0.0863187500 0 0 0 0 0 0
0.0868162500 0 0 0 0 0 0
0.0873137500 0 0 0 0 0 0
0.0878112500 0 0 0 0 0 0
0.0883087500 0 0 0 0 0 0
0.0888062500 0 0 0 0 0 0
0.0893037500 0 0 0 0 0 0
0.0898012500 0 0 0 0 0 0
0.0902987500 0 0 0 0 0 0
0.0907962500 0 0 0 0 0 0
0.0912937500 0 0 0 0 0 0
0.0917912500 0 0 0 0 0 0
0.0922887500 0 0 0 0 0 0
0.0927862500 0 0 0 0 0 0
0.0932837500 0 0 0 0 0 0
0.0937812500 0 0 0 0 0 0
0.0942787500 0 0 0 0 0 0
0.0947762500 0 0 0 0 0 0
0.0952737500 0 0 0 0 0 0
0.0957712500 0 0 0 0 0 0
0.0962687500 0 0 0 0 0 0
0.0967662500 0 0 0 0 0 0
0.0972637500 0 0 0 0 0 0
0.0977612500 0 0 0 0 0 0
0.0982587500 0 0 0 0 0 0
0.0987562500 0 0 0 0 0 0
0.0992537500 0 0 0 0 0 0
0.0997512500 0 0 0 0 0 0
0.1002487500 0 0 0 0 0 0
0.1007462500 0 0 0 0 0 0
0.1012437500 0 0 0 0 0 0
0.1017412500 0 0 0 0 0 0
0.1022387500 0 0 0 0 0 0
0.1027362500 0 0 0 0 0 0
0.1032337500 0 0 0 0 0 0
0.1037312500 0 0 0 0 0 0
0.1042287500 0 0 0 0 0 0
0.1047262500 0 0 0 0 0 0
0.1052237500 0 0 0 0 0 0
0.1057212500 0 0 0 0 0 0
0.1062187500 0 0 0 0 0 0
0.1067162500 0 0 0 0 0 0
0.1072137500 0 0 0 0 0 0
0.1077112500 0 0 0 0 0 0
0.1082087500 0 0 0 0 0 0
0.1087062500 0 0 0 0 0 0
0.1092037500 0 0 0 0 0 0
0.1097012500 0 0 0 0 0 0
0.1101987500 0 0 0 0 0 0
0.1106962500 0 0 0 0 0 0
0.1111937500 0 0 0 0 0 0
0.1116912500 0 0 0 0 0 0
0.1121887500 0 0 0 0 0 0
0.1126862500 0 0 0 0 0 0
0.1131837500 0 0 0 0 0 0
0.1136812500 0 0 0 0 0 0
0.1141787500 0 0 0 0 0 0
0.1146762500 0 0 0 0 0 0
0.1151737500 0 0 0 0 0 0
0.1156712500 0 0 0 0 0 0
0.1161687500 0 0 0 0 0 0
0.1166662500 0 0 0 0 0 0
0.1171637500 0 0 0 0 0 0
0.1176612500 0 0 0 0 0 0
0.1181587500 0 0 0 0 0 0
0.1186562500 0 0 0 0 0 0
0.1191537500 0 0 0 0 0 0
0.1196512500 0 0 0 0 0 0
0.1201487500 0 0 0 0 0 0
0.1206462500 0 0 0 0 0 0
0.1211437500 0 0 0 0 0 0
0.1216412500 0 0 0 0 0 0
0.1221387500 0 0 0 0 0 0
0.1226362500 0 0 0 0 0 0
0.1231337500 0 0 0 0 0 0
0.1236312500 0 0 0 0 0 0
0.1241287500 0 0 0 0 0 0
0.1246262500 0 0 0 0 0 0
0.1251237500 0 0 0 0 0 0
0.1256212500 0 0 0 0 0 0
0.1261187500 0 0 0 0 0 0
0.1266162500 0 0 0 0 0 0
0.1271137500 0 0 0 0 0 0
0.1276112500 0 0 0 0 0 0
0.1281087500 0 0 0 0 0 0
0.1286062500 0 0 0 0 0 0
0.1291037500 0 0 0 0 0 0
0.1296012500 0 0 0 0 0 0
0.1300987500 0 0 0 0 0 0
0.1305962500 0 0 0 0 0 0
0.1310937500 0 0 0 0 0 0
0.1315912500 0 0 0 0 0 0
0.1320887500 0 0 0 0 0 0
0.1325862500 0 0 0 0 0 0
0.1330837500 0 0 0 0 0 0
0.1335812500 0 0 0 0 0 0
0.1340787500 0 0 0 0 0 0
0.1345762500 0 0 0 0 0 0
0.1350737500 0 0 0 0 0 0
0.1355712500 0 0 0 0 0 0
0.1360687500 0 0 0 0 0 0
0.1365662500 0 0 0 0 0 0
0.1370637500 0 0 0 0 0 0
0.1375612500 0 0 0 0 0 0
0.1380587500 0 0 0 0 0 0
0.1385562500 0 0 0 0 0 0
0.1390537500 0 0 0 0 0 0
0.1395512500 0 0 0 0 0 0
0.1400487500 0 0 0 0 0 0
0.1405462500 0 0 0 0 0 0
0.1410437500 0 0 0 0 0 0
0.1415412500 0 0 0 0 0 0
0.1420387500 0 0 0 0 0 0
0.1425362500 0 0 0 0 0 0
0.1430337500 0 0 0 0 0 0
0.1435312500 0 0 0 0 0 0
0.1440287500 0 0 0 0 0 0
0.1445262500 0 0 0 0 0 0
0.1450237500 0 0 0 0 0 0
0.1455212500 0 0 0 0 0 0
0.1460187500 0 0 0 0 0 0
0.1465162500 0 0 0 0 0 0
0.1470137500 0 0 0 0 0 0
0.1475112500 0 0 0 0 0 0
0.1480087500 0 0 0 0 0 0
0.1485062500 0 0 0 0 0 0
0.1490037500 0 0 0 0 0 0
0.1495012500 0 0 0 0 0 0
0.1499987500 0 0 0 0 0 0
0.1504962500 0 0 0 0 0 0
0.1509937500 0 0 0 0 0 0
0.1514912500 0 0 0 0 0 0
0.1519887500 0 0 0 0 0 0
0.1524862500 0 0 0 0 0 0
0.1529837500 0 0 0 0 0 0
0.1534812500 0 0 0 0 0 0
0.1539787500 0 0 0 0 0 0
0.1544762500 0 0 0 0 0 0
0.1549737500 0 0 0 0 0 0
0.1554712500 0 0 0 0 0 0
0.1559687500 0 0 0 0 0 0
0.1564662500 0 0 0 0 0 0
0.1569637500 0 0 0 0 0 0
0.1574612500 0 0 0 0 0 0
0.1579587500 0 0 0 0 0 0
0.1584562500 0 0 0 0 0 0
0.1589537500 0 0 0 0 0 0
0.1594512500 0 0 0 0 0 0
0.1599487500 0 0 0 0 0 0
0.1604462500 0 0 0 0 0 0
0.1609437500 0 0 0 0 0 0
0.1614412500 0 0 0 0 0 0
0.1619387500 0 0 0 0 0 0
0.1624362500 0 0 0 0 0 0
0.1629337500 0 0 0 0 0 0
0.1634312500 0 0 0 0 0 0
0.1639287500 0 0 0 0 0 0
0.1644262500 0 0 0 0 0 0
0.1649237500 0 0 0 0 0 0
0.1654212500 0 0 0 0 0 0
0.1659187500 0 0 0 0 0 0
0.1664162500 0 0 0 0 0 0
0.1669137500 0 0 0 0 0 0
0.1674112500 0 0 0 0 0 0
0.1679087500 0 0 0 0 0 0
0.1684062500 0 0 0 0 0 0
0.1689037500 0 0 0 0 0 0
0.1694012500 0 0 0 0 0 0
0.1698987500 0 0 0 0 0 0
0.1703962500 0 0 0 0 0 0
0.1708937500 0 0 0 0 0 0
0.1713912500 0 0 0 0 0 0
0.1718887500 0 0 0 0 0 0
0.1723862500 0 0 0 0 0 0
0.1728837500 0 0 0 0 0 0
0.1733812500 0 0 0 0 0 0
0.1738787500 0 0 0 0 0 0
0.1743762500 0 0 0 0 0 0
0.1748737500 0 0 0 0 0 0
0.1753712500 0 0 0 0 0 0
0.1758687500 0 0 0 0 0 0
0.1763662500 0 0 0 0 0 0
0.1768637500 0 0 0 0 0 0
0.1773612500 0 0 0 0 0 0
0.1778587500 0 0 0 0 0 0
0.1783562500 0 0 0 0 0 0
0.1788537500 0 0 0 0 0 0
0.1793512500 0 0 0 0 0 0
0.1798487500 0 0 0 0 0 0
0.1803462500 0 0 0 0 0 0
0.1808437500 0 0 0 0 0 0
0.1813412500 0 0 0 0 0 0
0.1818387500 0 0 0 0 0 0
0.1823362500 0 0 0 0 0 0
0.1828337500 0 0 0 0 0 0
0.1833312500 0 0 0 0 0 0
0.1838287500 0 0 0 0 0 0
0.1843262500 0 0 0 0 0 0
0.1848237500 0 0 0 0 0 0
0.1853212500 0 0 0 0 0 0
0.1858187500 0 0 0 0 0 0
0.1863162500 0 0 0 0 0 0
0.1868137500 0 0 0 0 0 0
0.1873112500 0 0 0 0 0 0
0.1878087500 0 0 0 0 0 0
0.1883062500 0 0 0 0 0 0
0.1888037500 0 0 0 0 0 0
0.1893012500 0 0 0 0 0 0
0.1897987500 0 0 0 0 0 0
0.1902962500 0 0 0 0 0 0
0.1907937500 0 0 0 0 0 0
0.1912912500 0 0 0 0 0 0
0.1917887500 0 0 0 0 0 0
0.1922862500 0 0 0 0 0 0
0.1927837500 0 0 0 0 0 0
0.1932812500 0 0 0 0 0 0
0.1937787500 0 0 0 0 0 0
0.1942762500 0 0 0 0 0 0
0.1947737500 0 0 0 0 0 0
0.1952712500 0 0 0 0 0 0
0.1957687500 0 0 0 0 0 0
0.1962662500 0 0 0 0 0 0
0.1967637500 0 0 0 0 0 0
0.1972612500 0 0 0 0 0 0
0.1977587500 0 0 0 0 0 0
0.1982562500 0 0 0 0 0 0
0.1987537500 0 0 0 0 0 0
0.1992512500 0 0 0 0 0 0
0.1997487500 0 0 0 0 0 0
0.2002462500 0 0 0 0 0 0
0.2007437500 0 0 0 0 0 0
0.2012412500 0 0 0 0 0 0
0.2017387500 0 0 0 0 0 0
0.2022362500 0 0 0 0 0 0
0.2027337500 0 0 0 0 0 0
0.2032312500 0 0 0 0 0 0
0.2037287500 0 0 0 0 0 0
0.2042262500 0 0 0 0 0 0
0.2047237500 0 0 0 0 0 0
0.2052212500 0 0 0 0 0 0
0.2057187500 0 0 0 0 0 0
0.2062162500 0 0 0 0 0 0
0.2067137500 0 0 0 0 0 0
0.2072112500 0 0 0 0 0 0
0.2077087500 0 0 0 0 0 0
0.2082062500 0 0 0 0 0 0
0.2087037500 0 0 0 0 0 0
0.2092012500 0 0 0 0 0 0
0.2096987500 0 0 0 0 0 0
0.2101962500 0 0 0 0 0 0
0.2106937500 0 0 0 0 0 0
0.2111912500 0 0 0 0 0 0
0.2116887500 0 0 0 0 0 0
0.2121862500 0 0 0 0 0 0
0.2126837500 0 0 0 0 0 0
0.2131812500 0 0 0 0 0 0
0.2136787500 0 0 0 0 0 0
0.2141762500 0 0 0 0 0 0
0.2146737500 0 0 0 0 0 0
0.2151712500 0 0 0 0 0 0
0.2156687500 0 0 0 0 0 0
0.2161662500 0 0 0 0 0 0
0.2166637500 0 0 0 0 0 0
0.2171612500 0 0 0 0 0 0
0.2176587500 0 0 0 0 0 0
0.2181562500 0 0 0 0 0 0
0.2186537500 0 0 0 0 0 0
0.2191512500 0 0 0 0 0 0
0.2196487500 0 0 0 0 0 0
0.2201462500 0 0 0 0 0 0
0.2206437500 0 0 0 0 0 0
0.2211412500 0 0 0 0 0 0
0.2216387500 0 0 0 0 0 0
0.2221362500 0 0 0 0 0 0
0.2226337500 0 0 0 0 0 0
0.2231312500 0 0 0 0 0 0
0.2236287500 0 0 0 0 0 0
0.2241262500 0 0 0 0 0 0
0.2246237500 0 0 0 0 0 0
0.2251212500 0 0 0 0 0 0
0.2256187500 0 0 0 0 0 0
0.2261162500 0 0 0 0 0 0
0.2266137500 0 0 0 0 0 0
0.2271112500 0 0 0 0 0 0
0.2276087500 0 0 0 0 0 0
0.2281062500 0 0 0 0 0 0
0.2286037500 0 0 0 0 0 0
0.2291012500 0 0 0 0 0 0
0.2295987500 0 0 0 0 0 0
0.2300962500 0 0 0 0 0 0
0.2305937500 0 0 0 0 0 0
0.2310912500 0 0 0 0 0 0
0.2315887500 0 0 0 0 0 0
0.2320862500 0 0 0 0 0 0
0.2325837500 0 0 0 0 0 0
0.2330812500 0 0 0 0 0 0
0.2335787500 0 0 0 0 0 0
0.2340762500 0 0 0 0 0 0
0.2345737500 0 0 0 0 0 0
0.2350712500 0 0 0 0 0 0
0.2355687500 0 0 0 0 0 0
0.2360662500 0 0 0 0 0 0
0.2365637500 0 0 0 0 0 0
0.2370612500 0 0 0 0 0 0
0.2375587500 0 0 0 0 0 0
0.2380562500 0 0 0 0 0 0
0.2385537500 0 0 0 0 0 0
0.2390512500 0 0 0 0 0 0
0.2395487500 0 0 0 0 0 0
0.2400462500 0 0 0 0 0 0
0.2405437500 0 0 0 0 0 0
0.2410412500 0 0 0 0 0 0
0.2415387500 0 0 0 0 0 0
0.2420362500 0 0 0 0 0 0
0.2425337500 0 0 0 0 0 0
0.2430312500 0 0 0 0 0 0
0.2435287500 0 0 0 0 0 0
0.2440262500 0 0 0 0 0 0
0.2445237500 0 0 0 0 0 0
0.2450212500 0 0 0 0 0 0
0.2455187500 0 0 0 0 0 0
0.2460162500 0 0 0 0 0 0
0.2465137500 0 0 0 0 0 0
0.2470112500 0 0 0 0 0 0
0.2475087500 0 0 0 0 0 0
0.2480062500 0 0 0 0 0 0
0.2485037500 0 0 0 0 0 0
0.2490012500 0 0 0 0 0 0
0.2494987500 0 0 0 0 0 0
