# log(energy in GeV)  nu_e      nu_mu      nu_tau      nu_e_bar  nu_mu_bar  nu_tau_bar #

       -3.30103 0.00000e+00 0.00000e+00 0.00000e+00 0.00000e+00 0.00000e+00 0.00000e+00
       -3.29873 0.00000e+00 0.00000e+00 0.00000e+00 0.00000e+00 0.00000e+00 0.00000e+00
       -3.29643 0.00000e+00 0.00000e+00 0.00000e+00 0.00000e+00 0.00000e+00 0.00000e+00
       -3.29413 0.00000e+00 0.00000e+00 0.00000e+00 0.00000e+00 0.00000e+00 0.00000e+00
       -3.29183 0.00000e+00 0.00000e+00 0.00000e+00 0.00000e+00 0.00000e+00 0.00000e+00
       -3.28952 0.00000e+00 0.00000e+00 0.00000e+00 0.00000e+00 0.00000e+00 0.00000e+00
       -3.28722 0.00000e+00 0.00000e+00 0.00000e+00 0.00000e+00 0.00000e+00 0.00000e+00
       -3.28492 0.00000e+00 0.00000e+00 0.00000e+00 0.00000e+00 0.00000e+00 0.00000e+00
       -3.28262 0.00000e+00 0.00000e+00 0.00000e+00 0.00000e+00 0.00000e+00 0.00000e+00
       -3.28032 0.00000e+00 0.00000e+00 0.00000e+00 0.00000e+00 0.00000e+00 0.00000e+00
       -3.27802 0.00000e+00 0.00000e+00 0.00000e+00 0.00000e+00 0.00000e+00 0.00000e+00
       -3.27572 0.00000e+00 0.00000e+00 0.00000e+00 0.00000e+00 0.00000e+00 0.00000e+00
       -3.27342 0.00000e+00 0.00000e+00 0.00000e+00 0.00000e+00 0.00000e+00 0.00000e+00
       -3.27112 0.00000e+00 0.00000e+00 0.00000e+00 0.00000e+00 0.00000e+00 0.00000e+00
       -3.26882 0.00000e+00 0.00000e+00 0.00000e+00 0.00000e+00 0.00000e+00 0.00000e+00
       -3.26652 0.00000e+00 0.00000e+00 0.00000e+00 0.00000e+00 0.00000e+00 0.00000e+00
       -3.26421 0.00000e+00 0.00000e+00 0.00000e+00 0.00000e+00 0.00000e+00 0.00000e+00
       -3.26191 0.00000e+00 0.00000e+00 0.00000e+00 0.00000e+00 0.00000e+00 0.00000e+00
       -3.25961 0.00000e+00 0.00000e+00 0.00000e+00 0.00000e+00 0.00000e+00 0.00000e+00
       -3.25731 0.00000e+00 0.00000e+00 0.00000e+00 0.00000e+00 0.00000e+00 0.00000e+00
       -3.25501 0.00000e+00 0.00000e+00 0.00000e+00 0.00000e+00 0.00000e+00 0.00000e+00
       -3.25271 0.00000e+00 0.00000e+00 0.00000e+00 0.00000e+00 0.00000e+00 0.00000e+00
       -3.25041 0.00000e+00 0.00000e+00 0.00000e+00 0.00000e+00 0.00000e+00 0.00000e+00
       -3.24811 0.00000e+00 0.00000e+00 0.00000e+00 0.00000e+00 0.00000e+00 0.00000e+00
       -3.24580 0.00000e+00 0.00000e+00 0.00000e+00 0.00000e+00 0.00000e+00 0.00000e+00
       -3.24350 0.00000e+00 0.00000e+00 0.00000e+00 0.00000e+00 0.00000e+00 0.00000e+00
       -3.24120 0.00000e+00 0.00000e+00 0.00000e+00 0.00000e+00 0.00000e+00 0.00000e+00
       -3.23890 0.00000e+00 0.00000e+00 0.00000e+00 0.00000e+00 0.00000e+00 0.00000e+00
       -3.23660 0.00000e+00 0.00000e+00 0.00000e+00 0.00000e+00 0.00000e+00 0.00000e+00
       -3.23430 0.00000e+00 0.00000e+00 0.00000e+00 0.00000e+00 0.00000e+00 0.00000e+00
       -3.23200 0.00000e+00 0.00000e+00 0.00000e+00 0.00000e+00 0.00000e+00 0.00000e+00
       -3.22970 0.00000e+00 0.00000e+00 0.00000e+00 0.00000e+00 0.00000e+00 0.00000e+00
       -3.22740 0.00000e+00 0.00000e+00 0.00000e+00 0.00000e+00 0.00000e+00 0.00000e+00
       -3.22510 0.00000e+00 0.00000e+00 0.00000e+00 0.00000e+00 0.00000e+00 0.00000e+00
       -3.22280 0.00000e+00 0.00000e+00 0.00000e+00 0.00000e+00 0.00000e+00 0.00000e+00
       -3.22049 0.00000e+00 0.00000e+00 0.00000e+00 0.00000e+00 0.00000e+00 0.00000e+00
       -3.21819 0.00000e+00 0.00000e+00 0.00000e+00 0.00000e+00 0.00000e+00 0.00000e+00
       -3.21589 0.00000e+00 0.00000e+00 0.00000e+00 0.00000e+00 0.00000e+00 0.00000e+00
       -3.21359 0.00000e+00 0.00000e+00 0.00000e+00 0.00000e+00 0.00000e+00 0.00000e+00
       -3.21129 0.00000e+00 0.00000e+00 0.00000e+00 0.00000e+00 0.00000e+00 0.00000e+00
       -3.20899 0.00000e+00 0.00000e+00 0.00000e+00 0.00000e+00 0.00000e+00 0.00000e+00
       -3.20669 0.00000e+00 0.00000e+00 0.00000e+00 0.00000e+00 0.00000e+00 0.00000e+00
       -3.20439 0.00000e+00 0.00000e+00 0.00000e+00 0.00000e+00 0.00000e+00 0.00000e+00
       -3.20209 0.00000e+00 0.00000e+00 0.00000e+00 0.00000e+00 0.00000e+00 0.00000e+00
       -3.19978 0.00000e+00 0.00000e+00 0.00000e+00 0.00000e+00 0.00000e+00 0.00000e+00
       -3.19748 0.00000e+00 0.00000e+00 0.00000e+00 0.00000e+00 0.00000e+00 0.00000e+00
       -3.19518 0.00000e+00 0.00000e+00 0.00000e+00 0.00000e+00 0.00000e+00 0.00000e+00
       -3.19288 0.00000e+00 0.00000e+00 0.00000e+00 0.00000e+00 0.00000e+00 0.00000e+00
       -3.19058 0.00000e+00 0.00000e+00 0.00000e+00 0.00000e+00 0.00000e+00 0.00000e+00
       -3.18828 0.00000e+00 0.00000e+00 0.00000e+00 0.00000e+00 0.00000e+00 0.00000e+00
       -3.18598 0.00000e+00 0.00000e+00 0.00000e+00 0.00000e+00 0.00000e+00 0.00000e+00
       -3.18368 0.00000e+00 0.00000e+00 0.00000e+00 0.00000e+00 0.00000e+00 0.00000e+00
       -3.18138 0.00000e+00 0.00000e+00 0.00000e+00 0.00000e+00 0.00000e+00 0.00000e+00
       -3.17908 0.00000e+00 0.00000e+00 0.00000e+00 0.00000e+00 0.00000e+00 0.00000e+00
       -3.17677 0.00000e+00 0.00000e+00 0.00000e+00 0.00000e+00 0.00000e+00 0.00000e+00
       -3.17447 0.00000e+00 0.00000e+00 0.00000e+00 0.00000e+00 0.00000e+00 0.00000e+00
       -3.17217 0.00000e+00 0.00000e+00 0.00000e+00 0.00000e+00 0.00000e+00 0.00000e+00
       -3.16987 0.00000e+00 0.00000e+00 0.00000e+00 0.00000e+00 0.00000e+00 0.00000e+00
       -3.16757 0.00000e+00 0.00000e+00 0.00000e+00 0.00000e+00 0.00000e+00 0.00000e+00
       -3.16527 0.00000e+00 0.00000e+00 0.00000e+00 0.00000e+00 0.00000e+00 0.00000e+00
       -3.16297 0.00000e+00 0.00000e+00 0.00000e+00 0.00000e+00 0.00000e+00 0.00000e+00
       -3.16067 0.00000e+00 0.00000e+00 0.00000e+00 0.00000e+00 0.00000e+00 0.00000e+00
       -3.15837 0.00000e+00 0.00000e+00 0.00000e+00 0.00000e+00 0.00000e+00 0.00000e+00
       -3.15606 0.00000e+00 0.00000e+00 0.00000e+00 0.00000e+00 0.00000e+00 0.00000e+00
       -3.15376 0.00000e+00 0.00000e+00 0.00000e+00 0.00000e+00 0.00000e+00 0.00000e+00
       -3.15146 0.00000e+00 0.00000e+00 0.00000e+00 0.00000e+00 0.00000e+00 0.00000e+00
       -3.14916 0.00000e+00 0.00000e+00 0.00000e+00 0.00000e+00 0.00000e+00 0.00000e+00
       -3.14686 0.00000e+00 0.00000e+00 0.00000e+00 0.00000e+00 0.00000e+00 0.00000e+00
       -3.14456 0.00000e+00 0.00000e+00 0.00000e+00 0.00000e+00 0.00000e+00 0.00000e+00
       -3.14226 0.00000e+00 0.00000e+00 0.00000e+00 0.00000e+00 0.00000e+00 0.00000e+00
       -3.13996 0.00000e+00 0.00000e+00 0.00000e+00 0.00000e+00 0.00000e+00 0.00000e+00
       -3.13766 0.00000e+00 0.00000e+00 0.00000e+00 0.00000e+00 0.00000e+00 0.00000e+00
       -3.13536 0.00000e+00 0.00000e+00 0.00000e+00 0.00000e+00 0.00000e+00 0.00000e+00
       -3.13306 0.00000e+00 0.00000e+00 0.00000e+00 0.00000e+00 0.00000e+00 0.00000e+00
       -3.13075 0.00000e+00 0.00000e+00 0.00000e+00 0.00000e+00 0.00000e+00 0.00000e+00
       -3.12845 0.00000e+00 0.00000e+00 0.00000e+00 0.00000e+00 0.00000e+00 0.00000e+00
       -3.12615 0.00000e+00 0.00000e+00 0.00000e+00 0.00000e+00 0.00000e+00 0.00000e+00
       -3.12385 0.00000e+00 0.00000e+00 0.00000e+00 0.00000e+00 0.00000e+00 0.00000e+00
       -3.12155 0.00000e+00 0.00000e+00 0.00000e+00 0.00000e+00 0.00000e+00 0.00000e+00
       -3.11925 0.00000e+00 0.00000e+00 0.00000e+00 0.00000e+00 0.00000e+00 0.00000e+00
       -3.11695 0.00000e+00 0.00000e+00 0.00000e+00 0.00000e+00 0.00000e+00 0.00000e+00
       -3.11465 0.00000e+00 0.00000e+00 0.00000e+00 0.00000e+00 0.00000e+00 0.00000e+00
       -3.11235 0.00000e+00 0.00000e+00 0.00000e+00 0.00000e+00 0.00000e+00 0.00000e+00
       -3.11004 0.00000e+00 0.00000e+00 0.00000e+00 0.00000e+00 0.00000e+00 0.00000e+00
       -3.10774 0.00000e+00 0.00000e+00 0.00000e+00 0.00000e+00 0.00000e+00 0.00000e+00
       -3.10544 0.00000e+00 0.00000e+00 0.00000e+00 0.00000e+00 0.00000e+00 0.00000e+00
       -3.10314 0.00000e+00 0.00000e+00 0.00000e+00 0.00000e+00 0.00000e+00 0.00000e+00
       -3.10084 0.00000e+00 0.00000e+00 0.00000e+00 0.00000e+00 0.00000e+00 0.00000e+00
       -3.09854 0.00000e+00 0.00000e+00 0.00000e+00 0.00000e+00 0.00000e+00 0.00000e+00
       -3.09624 0.00000e+00 0.00000e+00 0.00000e+00 0.00000e+00 0.00000e+00 0.00000e+00
       -3.09394 0.00000e+00 0.00000e+00 0.00000e+00 0.00000e+00 0.00000e+00 0.00000e+00
       -3.09164 0.00000e+00 0.00000e+00 0.00000e+00 0.00000e+00 0.00000e+00 0.00000e+00
       -3.08934 0.00000e+00 0.00000e+00 0.00000e+00 0.00000e+00 0.00000e+00 0.00000e+00
       -3.08703 0.00000e+00 0.00000e+00 0.00000e+00 0.00000e+00 0.00000e+00 0.00000e+00
       -3.08473 0.00000e+00 0.00000e+00 0.00000e+00 0.00000e+00 0.00000e+00 0.00000e+00
       -3.08243 0.00000e+00 0.00000e+00 0.00000e+00 0.00000e+00 0.00000e+00 0.00000e+00
       -3.08013 0.00000e+00 0.00000e+00 0.00000e+00 0.00000e+00 0.00000e+00 0.00000e+00
       -3.07783 0.00000e+00 0.00000e+00 0.00000e+00 0.00000e+00 0.00000e+00 0.00000e+00
       -3.07553 0.00000e+00 0.00000e+00 0.00000e+00 0.00000e+00 0.00000e+00 0.00000e+00
       -3.07323 0.00000e+00 0.00000e+00 0.00000e+00 0.00000e+00 0.00000e+00 0.00000e+00
       -3.07093 0.00000e+00 0.00000e+00 0.00000e+00 0.00000e+00 0.00000e+00 0.00000e+00
       -3.06863 0.00000e+00 0.00000e+00 0.00000e+00 0.00000e+00 0.00000e+00 0.00000e+00
       -3.06632 0.00000e+00 0.00000e+00 0.00000e+00 0.00000e+00 0.00000e+00 0.00000e+00
       -3.06402 0.00000e+00 0.00000e+00 0.00000e+00 0.00000e+00 0.00000e+00 0.00000e+00
       -3.06172 0.00000e+00 0.00000e+00 0.00000e+00 0.00000e+00 0.00000e+00 0.00000e+00
       -3.05942 0.00000e+00 0.00000e+00 0.00000e+00 0.00000e+00 0.00000e+00 0.00000e+00
       -3.05712 0.00000e+00 0.00000e+00 0.00000e+00 0.00000e+00 0.00000e+00 0.00000e+00
       -3.05482 0.00000e+00 0.00000e+00 0.00000e+00 0.00000e+00 0.00000e+00 0.00000e+00
       -3.05252 0.00000e+00 0.00000e+00 0.00000e+00 0.00000e+00 0.00000e+00 0.00000e+00
       -3.05022 0.00000e+00 0.00000e+00 0.00000e+00 0.00000e+00 0.00000e+00 0.00000e+00
       -3.04792 0.00000e+00 0.00000e+00 0.00000e+00 0.00000e+00 0.00000e+00 0.00000e+00
       -3.04562 0.00000e+00 0.00000e+00 0.00000e+00 0.00000e+00 0.00000e+00 0.00000e+00
       -3.04332 0.00000e+00 0.00000e+00 0.00000e+00 0.00000e+00 0.00000e+00 0.00000e+00
       -3.04101 0.00000e+00 0.00000e+00 0.00000e+00 0.00000e+00 0.00000e+00 0.00000e+00
       -3.03871 0.00000e+00 0.00000e+00 0.00000e+00 0.00000e+00 0.00000e+00 0.00000e+00
       -3.03641 0.00000e+00 0.00000e+00 0.00000e+00 0.00000e+00 0.00000e+00 0.00000e+00
       -3.03411 0.00000e+00 0.00000e+00 0.00000e+00 0.00000e+00 0.00000e+00 0.00000e+00
       -3.03181 0.00000e+00 0.00000e+00 0.00000e+00 0.00000e+00 0.00000e+00 0.00000e+00
       -3.02951 0.00000e+00 0.00000e+00 0.00000e+00 0.00000e+00 0.00000e+00 0.00000e+00
       -3.02721 0.00000e+00 0.00000e+00 0.00000e+00 0.00000e+00 0.00000e+00 0.00000e+00
       -3.02491 0.00000e+00 0.00000e+00 0.00000e+00 0.00000e+00 0.00000e+00 0.00000e+00
       -3.02260 0.00000e+00 0.00000e+00 0.00000e+00 0.00000e+00 0.00000e+00 0.00000e+00
       -3.02030 0.00000e+00 0.00000e+00 0.00000e+00 0.00000e+00 0.00000e+00 0.00000e+00
       -3.01800 0.00000e+00 0.00000e+00 0.00000e+00 0.00000e+00 0.00000e+00 0.00000e+00
       -3.01570 0.00000e+00 0.00000e+00 0.00000e+00 0.00000e+00 0.00000e+00 0.00000e+00
       -3.01340 0.00000e+00 0.00000e+00 0.00000e+00 0.00000e+00 0.00000e+00 0.00000e+00
       -3.01110 0.00000e+00 0.00000e+00 0.00000e+00 0.00000e+00 0.00000e+00 0.00000e+00
       -3.00880 0.00000e+00 0.00000e+00 0.00000e+00 0.00000e+00 0.00000e+00 0.00000e+00
       -3.00650 0.00000e+00 0.00000e+00 0.00000e+00 0.00000e+00 0.00000e+00 0.00000e+00
       -3.00420 0.00000e+00 0.00000e+00 0.00000e+00 0.00000e+00 0.00000e+00 0.00000e+00
       -3.00190 0.00000e+00 0.00000e+00 0.00000e+00 0.00000e+00 0.00000e+00 0.00000e+00
       -2.99959 0.00000e+00 0.00000e+00 0.00000e+00 0.00000e+00 0.00000e+00 0.00000e+00
       -2.99729 0.00000e+00 0.00000e+00 0.00000e+00 0.00000e+00 0.00000e+00 0.00000e+00
       -2.99499 0.00000e+00 0.00000e+00 0.00000e+00 0.00000e+00 0.00000e+00 0.00000e+00
       -2.99269 0.00000e+00 0.00000e+00 0.00000e+00 0.00000e+00 0.00000e+00 0.00000e+00
       -2.99039 0.00000e+00 0.00000e+00 0.00000e+00 0.00000e+00 0.00000e+00 0.00000e+00
       -2.98809 0.00000e+00 0.00000e+00 0.00000e+00 0.00000e+00 0.00000e+00 0.00000e+00
       -2.98579 0.00000e+00 0.00000e+00 0.00000e+00 0.00000e+00 0.00000e+00 0.00000e+00
       -2.98349 0.00000e+00 0.00000e+00 0.00000e+00 0.00000e+00 0.00000e+00 0.00000e+00
       -2.98119 0.00000e+00 0.00000e+00 0.00000e+00 0.00000e+00 0.00000e+00 0.00000e+00
       -2.97889 0.00000e+00 0.00000e+00 0.00000e+00 0.00000e+00 0.00000e+00 0.00000e+00
       -2.97659 0.00000e+00 0.00000e+00 0.00000e+00 0.00000e+00 0.00000e+00 0.00000e+00
       -2.97428 0.00000e+00 0.00000e+00 0.00000e+00 0.00000e+00 0.00000e+00 0.00000e+00
       -2.97198 0.00000e+00 0.00000e+00 0.00000e+00 0.00000e+00 0.00000e+00 0.00000e+00
       -2.96968 0.00000e+00 0.00000e+00 0.00000e+00 0.00000e+00 0.00000e+00 0.00000e+00
       -2.96738 0.00000e+00 0.00000e+00 0.00000e+00 0.00000e+00 0.00000e+00 0.00000e+00
       -2.96508 0.00000e+00 0.00000e+00 0.00000e+00 0.00000e+00 0.00000e+00 0.00000e+00
       -2.96278 0.00000e+00 0.00000e+00 0.00000e+00 0.00000e+00 0.00000e+00 0.00000e+00
       -2.96048 0.00000e+00 0.00000e+00 0.00000e+00 0.00000e+00 0.00000e+00 0.00000e+00
       -2.95818 0.00000e+00 0.00000e+00 0.00000e+00 0.00000e+00 0.00000e+00 0.00000e+00
       -2.95587 0.00000e+00 0.00000e+00 0.00000e+00 0.00000e+00 0.00000e+00 0.00000e+00
       -2.95357 0.00000e+00 0.00000e+00 0.00000e+00 0.00000e+00 0.00000e+00 0.00000e+00
       -2.95127 0.00000e+00 0.00000e+00 0.00000e+00 0.00000e+00 0.00000e+00 0.00000e+00
       -2.94897 0.00000e+00 0.00000e+00 0.00000e+00 0.00000e+00 0.00000e+00 0.00000e+00
       -2.94667 0.00000e+00 0.00000e+00 0.00000e+00 0.00000e+00 0.00000e+00 0.00000e+00
       -2.94437 0.00000e+00 0.00000e+00 0.00000e+00 0.00000e+00 0.00000e+00 0.00000e+00
       -2.94207 0.00000e+00 0.00000e+00 0.00000e+00 0.00000e+00 0.00000e+00 0.00000e+00
       -2.93977 0.00000e+00 0.00000e+00 0.00000e+00 0.00000e+00 0.00000e+00 0.00000e+00
       -2.93747 0.00000e+00 0.00000e+00 0.00000e+00 0.00000e+00 0.00000e+00 0.00000e+00
       -2.93517 0.00000e+00 0.00000e+00 0.00000e+00 0.00000e+00 0.00000e+00 0.00000e+00
       -2.93287 0.00000e+00 0.00000e+00 0.00000e+00 0.00000e+00 0.00000e+00 0.00000e+00
       -2.93056 0.00000e+00 0.00000e+00 0.00000e+00 0.00000e+00 0.00000e+00 0.00000e+00
       -2.92826 0.00000e+00 0.00000e+00 0.00000e+00 0.00000e+00 0.00000e+00 0.00000e+00
       -2.92596 0.00000e+00 0.00000e+00 0.00000e+00 0.00000e+00 0.00000e+00 0.00000e+00
       -2.92366 0.00000e+00 0.00000e+00 0.00000e+00 0.00000e+00 0.00000e+00 0.00000e+00
       -2.92136 0.00000e+00 0.00000e+00 0.00000e+00 0.00000e+00 0.00000e+00 0.00000e+00
       -2.91906 0.00000e+00 0.00000e+00 0.00000e+00 0.00000e+00 0.00000e+00 0.00000e+00
       -2.91676 0.00000e+00 0.00000e+00 0.00000e+00 0.00000e+00 0.00000e+00 0.00000e+00
       -2.91446 0.00000e+00 0.00000e+00 0.00000e+00 0.00000e+00 0.00000e+00 0.00000e+00
       -2.91216 0.00000e+00 0.00000e+00 0.00000e+00 0.00000e+00 0.00000e+00 0.00000e+00
       -2.90985 0.00000e+00 0.00000e+00 0.00000e+00 0.00000e+00 0.00000e+00 0.00000e+00
       -2.90755 0.00000e+00 0.00000e+00 0.00000e+00 0.00000e+00 0.00000e+00 0.00000e+00
       -2.90525 0.00000e+00 0.00000e+00 0.00000e+00 0.00000e+00 0.00000e+00 0.00000e+00
       -2.90295 0.00000e+00 0.00000e+00 0.00000e+00 0.00000e+00 0.00000e+00 0.00000e+00
       -2.90065 0.00000e+00 0.00000e+00 0.00000e+00 0.00000e+00 0.00000e+00 0.00000e+00
       -2.89835 0.00000e+00 0.00000e+00 0.00000e+00 0.00000e+00 0.00000e+00 0.00000e+00
       -2.89605 0.00000e+00 0.00000e+00 0.00000e+00 0.00000e+00 0.00000e+00 0.00000e+00
       -2.89375 0.00000e+00 0.00000e+00 0.00000e+00 0.00000e+00 0.00000e+00 0.00000e+00
       -2.89145 0.00000e+00 0.00000e+00 0.00000e+00 0.00000e+00 0.00000e+00 0.00000e+00
       -2.88915 0.00000e+00 0.00000e+00 0.00000e+00 0.00000e+00 0.00000e+00 0.00000e+00
       -2.88685 0.00000e+00 0.00000e+00 0.00000e+00 0.00000e+00 0.00000e+00 0.00000e+00
       -2.88454 0.00000e+00 0.00000e+00 0.00000e+00 0.00000e+00 0.00000e+00 0.00000e+00
       -2.88224 0.00000e+00 0.00000e+00 0.00000e+00 0.00000e+00 0.00000e+00 0.00000e+00
       -2.87994 0.00000e+00 0.00000e+00 0.00000e+00 0.00000e+00 0.00000e+00 0.00000e+00
       -2.87764 0.00000e+00 0.00000e+00 0.00000e+00 0.00000e+00 0.00000e+00 0.00000e+00
       -2.87534 0.00000e+00 0.00000e+00 0.00000e+00 0.00000e+00 0.00000e+00 0.00000e+00
       -2.87304 0.00000e+00 0.00000e+00 0.00000e+00 0.00000e+00 0.00000e+00 0.00000e+00
       -2.87074 0.00000e+00 0.00000e+00 0.00000e+00 0.00000e+00 0.00000e+00 0.00000e+00
       -2.86844 0.00000e+00 0.00000e+00 0.00000e+00 0.00000e+00 0.00000e+00 0.00000e+00
       -2.86613 0.00000e+00 0.00000e+00 0.00000e+00 0.00000e+00 0.00000e+00 0.00000e+00
       -2.86383 0.00000e+00 0.00000e+00 0.00000e+00 0.00000e+00 0.00000e+00 0.00000e+00
       -2.86153 0.00000e+00 0.00000e+00 0.00000e+00 0.00000e+00 0.00000e+00 0.00000e+00
       -2.85923 0.00000e+00 0.00000e+00 0.00000e+00 0.00000e+00 0.00000e+00 0.00000e+00
       -2.85693 0.00000e+00 0.00000e+00 0.00000e+00 0.00000e+00 0.00000e+00 0.00000e+00
       -2.85463 0.00000e+00 0.00000e+00 0.00000e+00 0.00000e+00 0.00000e+00 0.00000e+00
       -2.85233 0.00000e+00 0.00000e+00 0.00000e+00 0.00000e+00 0.00000e+00 0.00000e+00
       -2.85003 0.00000e+00 0.00000e+00 0.00000e+00 0.00000e+00 0.00000e+00 0.00000e+00
       -2.84773 0.00000e+00 0.00000e+00 0.00000e+00 0.00000e+00 0.00000e+00 0.00000e+00
       -2.84543 0.00000e+00 0.00000e+00 0.00000e+00 0.00000e+00 0.00000e+00 0.00000e+00
       -2.84313 0.00000e+00 0.00000e+00 0.00000e+00 0.00000e+00 0.00000e+00 0.00000e+00
       -2.84082 0.00000e+00 0.00000e+00 0.00000e+00 0.00000e+00 0.00000e+00 0.00000e+00
       -2.83852 0.00000e+00 0.00000e+00 0.00000e+00 0.00000e+00 0.00000e+00 0.00000e+00
       -2.83622 0.00000e+00 0.00000e+00 0.00000e+00 0.00000e+00 0.00000e+00 0.00000e+00
       -2.83392 0.00000e+00 0.00000e+00 0.00000e+00 0.00000e+00 0.00000e+00 0.00000e+00
       -2.83162 0.00000e+00 0.00000e+00 0.00000e+00 0.00000e+00 0.00000e+00 0.00000e+00
       -2.82932 0.00000e+00 0.00000e+00 0.00000e+00 0.00000e+00 0.00000e+00 0.00000e+00
       -2.82702 0.00000e+00 0.00000e+00 0.00000e+00 0.00000e+00 0.00000e+00 0.00000e+00
       -2.82472 0.00000e+00 0.00000e+00 0.00000e+00 0.00000e+00 0.00000e+00 0.00000e+00
       -2.82242 0.00000e+00 0.00000e+00 0.00000e+00 0.00000e+00 0.00000e+00 0.00000e+00
       -2.82011 0.00000e+00 0.00000e+00 0.00000e+00 0.00000e+00 0.00000e+00 0.00000e+00
       -2.81781 0.00000e+00 0.00000e+00 0.00000e+00 0.00000e+00 0.00000e+00 0.00000e+00
       -2.81551 0.00000e+00 0.00000e+00 0.00000e+00 0.00000e+00 0.00000e+00 0.00000e+00
       -2.81321 0.00000e+00 0.00000e+00 0.00000e+00 0.00000e+00 0.00000e+00 0.00000e+00
       -2.81091 0.00000e+00 0.00000e+00 0.00000e+00 0.00000e+00 0.00000e+00 0.00000e+00
       -2.80861 0.00000e+00 0.00000e+00 0.00000e+00 0.00000e+00 0.00000e+00 0.00000e+00
       -2.80631 0.00000e+00 0.00000e+00 0.00000e+00 0.00000e+00 0.00000e+00 0.00000e+00
       -2.80401 0.00000e+00 0.00000e+00 0.00000e+00 0.00000e+00 0.00000e+00 0.00000e+00
       -2.80171 0.00000e+00 0.00000e+00 0.00000e+00 0.00000e+00 0.00000e+00 0.00000e+00
       -2.79941 0.00000e+00 0.00000e+00 0.00000e+00 0.00000e+00 0.00000e+00 0.00000e+00
       -2.79710 0.00000e+00 0.00000e+00 0.00000e+00 0.00000e+00 0.00000e+00 0.00000e+00
       -2.79480 0.00000e+00 0.00000e+00 0.00000e+00 0.00000e+00 0.00000e+00 0.00000e+00
       -2.79250 0.00000e+00 0.00000e+00 0.00000e+00 0.00000e+00 0.00000e+00 0.00000e+00
       -2.79020 0.00000e+00 0.00000e+00 0.00000e+00 0.00000e+00 0.00000e+00 0.00000e+00
       -2.78790 0.00000e+00 0.00000e+00 0.00000e+00 0.00000e+00 0.00000e+00 0.00000e+00
       -2.78560 0.00000e+00 0.00000e+00 0.00000e+00 0.00000e+00 0.00000e+00 0.00000e+00
       -2.78330 0.00000e+00 0.00000e+00 0.00000e+00 0.00000e+00 0.00000e+00 0.00000e+00
       -2.78100 0.00000e+00 0.00000e+00 0.00000e+00 0.00000e+00 0.00000e+00 0.00000e+00
       -2.77870 0.00000e+00 0.00000e+00 0.00000e+00 0.00000e+00 0.00000e+00 0.00000e+00
       -2.77639 0.00000e+00 0.00000e+00 0.00000e+00 0.00000e+00 0.00000e+00 0.00000e+00
       -2.77409 0.00000e+00 0.00000e+00 0.00000e+00 0.00000e+00 0.00000e+00 0.00000e+00
       -2.77179 0.00000e+00 0.00000e+00 0.00000e+00 0.00000e+00 0.00000e+00 0.00000e+00
       -2.76949 0.00000e+00 0.00000e+00 0.00000e+00 0.00000e+00 0.00000e+00 0.00000e+00
       -2.76719 0.00000e+00 0.00000e+00 0.00000e+00 0.00000e+00 0.00000e+00 0.00000e+00
       -2.76489 0.00000e+00 0.00000e+00 0.00000e+00 0.00000e+00 0.00000e+00 0.00000e+00
       -2.76259 0.00000e+00 0.00000e+00 0.00000e+00 0.00000e+00 0.00000e+00 0.00000e+00
       -2.76029 0.00000e+00 0.00000e+00 0.00000e+00 0.00000e+00 0.00000e+00 0.00000e+00
       -2.75799 0.00000e+00 0.00000e+00 0.00000e+00 0.00000e+00 0.00000e+00 0.00000e+00
       -2.75569 0.00000e+00 0.00000e+00 0.00000e+00 0.00000e+00 0.00000e+00 0.00000e+00
       -2.75339 0.00000e+00 0.00000e+00 0.00000e+00 0.00000e+00 0.00000e+00 0.00000e+00
       -2.75108 0.00000e+00 0.00000e+00 0.00000e+00 0.00000e+00 0.00000e+00 0.00000e+00
       -2.74878 0.00000e+00 0.00000e+00 0.00000e+00 0.00000e+00 0.00000e+00 0.00000e+00
       -2.74648 0.00000e+00 0.00000e+00 0.00000e+00 0.00000e+00 0.00000e+00 0.00000e+00
       -2.74418 0.00000e+00 0.00000e+00 0.00000e+00 0.00000e+00 0.00000e+00 0.00000e+00
       -2.74188 0.00000e+00 0.00000e+00 0.00000e+00 0.00000e+00 0.00000e+00 0.00000e+00
       -2.73958 0.00000e+00 0.00000e+00 0.00000e+00 0.00000e+00 0.00000e+00 0.00000e+00
       -2.73728 0.00000e+00 0.00000e+00 0.00000e+00 0.00000e+00 0.00000e+00 0.00000e+00
       -2.73498 0.00000e+00 0.00000e+00 0.00000e+00 0.00000e+00 0.00000e+00 0.00000e+00
       -2.73268 0.00000e+00 0.00000e+00 0.00000e+00 0.00000e+00 0.00000e+00 0.00000e+00
       -2.73037 0.00000e+00 0.00000e+00 0.00000e+00 0.00000e+00 0.00000e+00 0.00000e+00
       -2.72807 0.00000e+00 0.00000e+00 0.00000e+00 0.00000e+00 0.00000e+00 0.00000e+00
       -2.72577 0.00000e+00 0.00000e+00 0.00000e+00 0.00000e+00 0.00000e+00 0.00000e+00
       -2.72347 0.00000e+00 0.00000e+00 0.00000e+00 0.00000e+00 0.00000e+00 0.00000e+00
       -2.72117 0.00000e+00 0.00000e+00 0.00000e+00 0.00000e+00 0.00000e+00 0.00000e+00
       -2.71887 0.00000e+00 0.00000e+00 0.00000e+00 0.00000e+00 0.00000e+00 0.00000e+00
       -2.71657 0.00000e+00 0.00000e+00 0.00000e+00 0.00000e+00 0.00000e+00 0.00000e+00
       -2.71427 0.00000e+00 0.00000e+00 0.00000e+00 0.00000e+00 0.00000e+00 0.00000e+00
       -2.71197 0.00000e+00 0.00000e+00 0.00000e+00 0.00000e+00 0.00000e+00 0.00000e+00
       -2.70967 0.00000e+00 0.00000e+00 0.00000e+00 0.00000e+00 0.00000e+00 0.00000e+00
       -2.70736 0.00000e+00 0.00000e+00 0.00000e+00 0.00000e+00 0.00000e+00 0.00000e+00
       -2.70506 0.00000e+00 0.00000e+00 0.00000e+00 0.00000e+00 0.00000e+00 0.00000e+00
       -2.70276 0.00000e+00 0.00000e+00 0.00000e+00 0.00000e+00 0.00000e+00 0.00000e+00
       -2.70046 0.00000e+00 0.00000e+00 0.00000e+00 0.00000e+00 0.00000e+00 0.00000e+00
       -2.69816 0.00000e+00 0.00000e+00 0.00000e+00 0.00000e+00 0.00000e+00 0.00000e+00
       -2.69586 0.00000e+00 0.00000e+00 0.00000e+00 0.00000e+00 0.00000e+00 0.00000e+00
       -2.69356 0.00000e+00 0.00000e+00 0.00000e+00 0.00000e+00 0.00000e+00 0.00000e+00
       -2.69126 0.00000e+00 0.00000e+00 0.00000e+00 0.00000e+00 0.00000e+00 0.00000e+00
       -2.68896 0.00000e+00 0.00000e+00 0.00000e+00 0.00000e+00 0.00000e+00 0.00000e+00
       -2.68666 0.00000e+00 0.00000e+00 0.00000e+00 0.00000e+00 0.00000e+00 0.00000e+00
       -2.68435 0.00000e+00 0.00000e+00 0.00000e+00 0.00000e+00 0.00000e+00 0.00000e+00
       -2.68205 0.00000e+00 0.00000e+00 0.00000e+00 0.00000e+00 0.00000e+00 0.00000e+00
       -2.67975 0.00000e+00 0.00000e+00 0.00000e+00 0.00000e+00 0.00000e+00 0.00000e+00
       -2.67745 0.00000e+00 0.00000e+00 0.00000e+00 0.00000e+00 0.00000e+00 0.00000e+00
       -2.67515 0.00000e+00 0.00000e+00 0.00000e+00 0.00000e+00 0.00000e+00 0.00000e+00
       -2.67285 0.00000e+00 0.00000e+00 0.00000e+00 0.00000e+00 0.00000e+00 0.00000e+00
       -2.67055 0.00000e+00 0.00000e+00 0.00000e+00 0.00000e+00 0.00000e+00 0.00000e+00
       -2.66825 0.00000e+00 0.00000e+00 0.00000e+00 0.00000e+00 0.00000e+00 0.00000e+00
       -2.66595 0.00000e+00 0.00000e+00 0.00000e+00 0.00000e+00 0.00000e+00 0.00000e+00
       -2.66364 0.00000e+00 0.00000e+00 0.00000e+00 0.00000e+00 0.00000e+00 0.00000e+00
       -2.66134 0.00000e+00 0.00000e+00 0.00000e+00 0.00000e+00 0.00000e+00 0.00000e+00
       -2.65904 0.00000e+00 0.00000e+00 0.00000e+00 0.00000e+00 0.00000e+00 0.00000e+00
       -2.65674 0.00000e+00 0.00000e+00 0.00000e+00 0.00000e+00 0.00000e+00 0.00000e+00
       -2.65444 0.00000e+00 0.00000e+00 0.00000e+00 0.00000e+00 0.00000e+00 0.00000e+00
       -2.65214 0.00000e+00 0.00000e+00 0.00000e+00 0.00000e+00 0.00000e+00 0.00000e+00
       -2.64984 0.00000e+00 0.00000e+00 0.00000e+00 0.00000e+00 0.00000e+00 0.00000e+00
       -2.64754 0.00000e+00 0.00000e+00 0.00000e+00 0.00000e+00 0.00000e+00 0.00000e+00
       -2.64524 0.00000e+00 0.00000e+00 0.00000e+00 0.00000e+00 0.00000e+00 0.00000e+00
       -2.64294 0.00000e+00 0.00000e+00 0.00000e+00 0.00000e+00 0.00000e+00 0.00000e+00
       -2.64063 0.00000e+00 0.00000e+00 0.00000e+00 0.00000e+00 0.00000e+00 0.00000e+00
       -2.63833 0.00000e+00 0.00000e+00 0.00000e+00 0.00000e+00 0.00000e+00 0.00000e+00
       -2.63603 0.00000e+00 0.00000e+00 0.00000e+00 0.00000e+00 0.00000e+00 0.00000e+00
       -2.63373 0.00000e+00 0.00000e+00 0.00000e+00 0.00000e+00 0.00000e+00 0.00000e+00
       -2.63143 0.00000e+00 0.00000e+00 0.00000e+00 0.00000e+00 0.00000e+00 0.00000e+00
       -2.62913 0.00000e+00 0.00000e+00 0.00000e+00 0.00000e+00 0.00000e+00 0.00000e+00
       -2.62683 0.00000e+00 0.00000e+00 0.00000e+00 0.00000e+00 0.00000e+00 0.00000e+00
       -2.62453 0.00000e+00 0.00000e+00 0.00000e+00 0.00000e+00 0.00000e+00 0.00000e+00
       -2.62223 0.00000e+00 0.00000e+00 0.00000e+00 0.00000e+00 0.00000e+00 0.00000e+00
       -2.61992 0.00000e+00 0.00000e+00 0.00000e+00 0.00000e+00 0.00000e+00 0.00000e+00
       -2.61762 0.00000e+00 0.00000e+00 0.00000e+00 0.00000e+00 0.00000e+00 0.00000e+00
       -2.61532 0.00000e+00 0.00000e+00 0.00000e+00 0.00000e+00 0.00000e+00 0.00000e+00
       -2.61302 0.00000e+00 0.00000e+00 0.00000e+00 0.00000e+00 0.00000e+00 0.00000e+00
       -2.61072 0.00000e+00 0.00000e+00 0.00000e+00 0.00000e+00 0.00000e+00 0.00000e+00
       -2.60842 0.00000e+00 0.00000e+00 0.00000e+00 0.00000e+00 0.00000e+00 0.00000e+00
       -2.60612 0.00000e+00 0.00000e+00 0.00000e+00 0.00000e+00 0.00000e+00 0.00000e+00
       -2.60382 0.00000e+00 0.00000e+00 0.00000e+00 0.00000e+00 0.00000e+00 0.00000e+00
       -2.60152 0.00000e+00 0.00000e+00 0.00000e+00 0.00000e+00 0.00000e+00 0.00000e+00
       -2.59922 0.00000e+00 0.00000e+00 0.00000e+00 0.00000e+00 0.00000e+00 0.00000e+00
       -2.59692 0.00000e+00 0.00000e+00 0.00000e+00 0.00000e+00 0.00000e+00 0.00000e+00
       -2.59461 0.00000e+00 0.00000e+00 0.00000e+00 0.00000e+00 0.00000e+00 0.00000e+00
       -2.59231 0.00000e+00 0.00000e+00 0.00000e+00 0.00000e+00 0.00000e+00 0.00000e+00
       -2.59001 0.00000e+00 0.00000e+00 0.00000e+00 0.00000e+00 0.00000e+00 0.00000e+00
       -2.58771 0.00000e+00 0.00000e+00 0.00000e+00 0.00000e+00 0.00000e+00 0.00000e+00
       -2.58541 0.00000e+00 0.00000e+00 0.00000e+00 0.00000e+00 0.00000e+00 0.00000e+00
       -2.58311 0.00000e+00 0.00000e+00 0.00000e+00 0.00000e+00 0.00000e+00 0.00000e+00
       -2.58081 0.00000e+00 0.00000e+00 0.00000e+00 0.00000e+00 0.00000e+00 0.00000e+00
       -2.57851 0.00000e+00 0.00000e+00 0.00000e+00 0.00000e+00 0.00000e+00 0.00000e+00
       -2.57621 0.00000e+00 0.00000e+00 0.00000e+00 0.00000e+00 0.00000e+00 0.00000e+00
       -2.57390 0.00000e+00 0.00000e+00 0.00000e+00 0.00000e+00 0.00000e+00 0.00000e+00
       -2.57160 0.00000e+00 0.00000e+00 0.00000e+00 0.00000e+00 0.00000e+00 0.00000e+00
       -2.56930 0.00000e+00 0.00000e+00 0.00000e+00 0.00000e+00 0.00000e+00 0.00000e+00
       -2.56700 0.00000e+00 0.00000e+00 0.00000e+00 0.00000e+00 0.00000e+00 0.00000e+00
       -2.56470 0.00000e+00 0.00000e+00 0.00000e+00 0.00000e+00 0.00000e+00 0.00000e+00
       -2.56240 0.00000e+00 0.00000e+00 0.00000e+00 0.00000e+00 0.00000e+00 0.00000e+00
       -2.56010 0.00000e+00 0.00000e+00 0.00000e+00 0.00000e+00 0.00000e+00 0.00000e+00
       -2.55780 0.00000e+00 0.00000e+00 0.00000e+00 0.00000e+00 0.00000e+00 0.00000e+00
       -2.55550 0.00000e+00 0.00000e+00 0.00000e+00 0.00000e+00 0.00000e+00 0.00000e+00
       -2.55320 0.00000e+00 0.00000e+00 0.00000e+00 0.00000e+00 0.00000e+00 0.00000e+00
       -2.55089 0.00000e+00 0.00000e+00 0.00000e+00 0.00000e+00 0.00000e+00 0.00000e+00
       -2.54859 0.00000e+00 0.00000e+00 0.00000e+00 0.00000e+00 0.00000e+00 0.00000e+00
       -2.54629 0.00000e+00 0.00000e+00 0.00000e+00 0.00000e+00 0.00000e+00 0.00000e+00
       -2.54399 0.00000e+00 0.00000e+00 0.00000e+00 0.00000e+00 0.00000e+00 0.00000e+00
       -2.54169 0.00000e+00 0.00000e+00 0.00000e+00 0.00000e+00 0.00000e+00 0.00000e+00
       -2.53939 0.00000e+00 0.00000e+00 0.00000e+00 0.00000e+00 0.00000e+00 0.00000e+00
       -2.53709 0.00000e+00 0.00000e+00 0.00000e+00 0.00000e+00 0.00000e+00 0.00000e+00
       -2.53479 0.00000e+00 0.00000e+00 0.00000e+00 0.00000e+00 0.00000e+00 0.00000e+00
       -2.53249 0.00000e+00 0.00000e+00 0.00000e+00 0.00000e+00 0.00000e+00 0.00000e+00
       -2.53018 0.00000e+00 0.00000e+00 0.00000e+00 0.00000e+00 0.00000e+00 0.00000e+00
       -2.52788 0.00000e+00 0.00000e+00 0.00000e+00 0.00000e+00 0.00000e+00 0.00000e+00
       -2.52558 0.00000e+00 0.00000e+00 0.00000e+00 0.00000e+00 0.00000e+00 0.00000e+00
       -2.52328 0.00000e+00 0.00000e+00 0.00000e+00 0.00000e+00 0.00000e+00 0.00000e+00
       -2.52098 0.00000e+00 0.00000e+00 0.00000e+00 0.00000e+00 0.00000e+00 0.00000e+00
       -2.51868 0.00000e+00 0.00000e+00 0.00000e+00 0.00000e+00 0.00000e+00 0.00000e+00
       -2.51638 0.00000e+00 0.00000e+00 0.00000e+00 0.00000e+00 0.00000e+00 0.00000e+00
       -2.51408 0.00000e+00 0.00000e+00 0.00000e+00 0.00000e+00 0.00000e+00 0.00000e+00
       -2.51178 0.00000e+00 0.00000e+00 0.00000e+00 0.00000e+00 0.00000e+00 0.00000e+00
       -2.50948 0.00000e+00 0.00000e+00 0.00000e+00 0.00000e+00 0.00000e+00 0.00000e+00
       -2.50718 0.00000e+00 0.00000e+00 0.00000e+00 0.00000e+00 0.00000e+00 0.00000e+00
       -2.50487 0.00000e+00 0.00000e+00 0.00000e+00 0.00000e+00 0.00000e+00 0.00000e+00
       -2.50257 0.00000e+00 0.00000e+00 0.00000e+00 0.00000e+00 0.00000e+00 0.00000e+00
       -2.50027 0.00000e+00 0.00000e+00 0.00000e+00 0.00000e+00 0.00000e+00 0.00000e+00
       -2.49797 0.00000e+00 0.00000e+00 0.00000e+00 0.00000e+00 0.00000e+00 0.00000e+00
       -2.49567 0.00000e+00 0.00000e+00 0.00000e+00 0.00000e+00 0.00000e+00 0.00000e+00
       -2.49337 0.00000e+00 0.00000e+00 0.00000e+00 0.00000e+00 0.00000e+00 0.00000e+00
       -2.49107 0.00000e+00 0.00000e+00 0.00000e+00 0.00000e+00 0.00000e+00 0.00000e+00
       -2.48877 0.00000e+00 0.00000e+00 0.00000e+00 0.00000e+00 0.00000e+00 0.00000e+00
       -2.48646 0.00000e+00 0.00000e+00 0.00000e+00 0.00000e+00 0.00000e+00 0.00000e+00
       -2.48416 0.00000e+00 0.00000e+00 0.00000e+00 0.00000e+00 0.00000e+00 0.00000e+00
       -2.48186 0.00000e+00 0.00000e+00 0.00000e+00 0.00000e+00 0.00000e+00 0.00000e+00
       -2.47956 0.00000e+00 0.00000e+00 0.00000e+00 0.00000e+00 0.00000e+00 0.00000e+00
       -2.47726 0.00000e+00 0.00000e+00 0.00000e+00 0.00000e+00 0.00000e+00 0.00000e+00
       -2.47496 0.00000e+00 0.00000e+00 0.00000e+00 0.00000e+00 0.00000e+00 0.00000e+00
       -2.47266 0.00000e+00 0.00000e+00 0.00000e+00 0.00000e+00 0.00000e+00 0.00000e+00
       -2.47036 0.00000e+00 0.00000e+00 0.00000e+00 0.00000e+00 0.00000e+00 0.00000e+00
       -2.46806 0.00000e+00 0.00000e+00 0.00000e+00 0.00000e+00 0.00000e+00 0.00000e+00
       -2.46576 0.00000e+00 0.00000e+00 0.00000e+00 0.00000e+00 0.00000e+00 0.00000e+00
       -2.46346 0.00000e+00 0.00000e+00 0.00000e+00 0.00000e+00 0.00000e+00 0.00000e+00
       -2.46115 0.00000e+00 0.00000e+00 0.00000e+00 0.00000e+00 0.00000e+00 0.00000e+00
       -2.45885 0.00000e+00 0.00000e+00 0.00000e+00 0.00000e+00 0.00000e+00 0.00000e+00
       -2.45655 0.00000e+00 0.00000e+00 0.00000e+00 0.00000e+00 0.00000e+00 0.00000e+00
       -2.45425 0.00000e+00 0.00000e+00 0.00000e+00 0.00000e+00 0.00000e+00 0.00000e+00
       -2.45195 0.00000e+00 0.00000e+00 0.00000e+00 0.00000e+00 0.00000e+00 0.00000e+00
       -2.44965 0.00000e+00 0.00000e+00 0.00000e+00 0.00000e+00 0.00000e+00 0.00000e+00
       -2.44735 0.00000e+00 0.00000e+00 0.00000e+00 0.00000e+00 0.00000e+00 0.00000e+00
       -2.44505 0.00000e+00 0.00000e+00 0.00000e+00 0.00000e+00 0.00000e+00 0.00000e+00
       -2.44275 0.00000e+00 0.00000e+00 0.00000e+00 0.00000e+00 0.00000e+00 0.00000e+00
       -2.44044 0.00000e+00 0.00000e+00 0.00000e+00 0.00000e+00 0.00000e+00 0.00000e+00
       -2.43814 0.00000e+00 0.00000e+00 0.00000e+00 0.00000e+00 0.00000e+00 0.00000e+00
       -2.43584 0.00000e+00 0.00000e+00 0.00000e+00 0.00000e+00 0.00000e+00 0.00000e+00
       -2.43354 0.00000e+00 0.00000e+00 0.00000e+00 0.00000e+00 0.00000e+00 0.00000e+00
       -2.43124 0.00000e+00 0.00000e+00 0.00000e+00 0.00000e+00 0.00000e+00 0.00000e+00
       -2.42894 0.00000e+00 0.00000e+00 0.00000e+00 0.00000e+00 0.00000e+00 0.00000e+00
       -2.42664 0.00000e+00 0.00000e+00 0.00000e+00 0.00000e+00 0.00000e+00 0.00000e+00
       -2.42434 0.00000e+00 0.00000e+00 0.00000e+00 0.00000e+00 0.00000e+00 0.00000e+00
       -2.42204 0.00000e+00 0.00000e+00 0.00000e+00 0.00000e+00 0.00000e+00 0.00000e+00
       -2.41974 0.00000e+00 0.00000e+00 0.00000e+00 0.00000e+00 0.00000e+00 0.00000e+00
       -2.41743 0.00000e+00 0.00000e+00 0.00000e+00 0.00000e+00 0.00000e+00 0.00000e+00
       -2.41513 0.00000e+00 0.00000e+00 0.00000e+00 0.00000e+00 0.00000e+00 0.00000e+00
       -2.41283 0.00000e+00 0.00000e+00 0.00000e+00 0.00000e+00 0.00000e+00 0.00000e+00
       -2.41053 0.00000e+00 0.00000e+00 0.00000e+00 0.00000e+00 0.00000e+00 0.00000e+00
       -2.40823 0.00000e+00 0.00000e+00 0.00000e+00 0.00000e+00 0.00000e+00 0.00000e+00
       -2.40593 0.00000e+00 0.00000e+00 0.00000e+00 0.00000e+00 0.00000e+00 0.00000e+00
       -2.40363 0.00000e+00 0.00000e+00 0.00000e+00 0.00000e+00 0.00000e+00 0.00000e+00
       -2.40133 0.00000e+00 0.00000e+00 0.00000e+00 0.00000e+00 0.00000e+00 0.00000e+00
       -2.39903 0.00000e+00 0.00000e+00 0.00000e+00 0.00000e+00 0.00000e+00 0.00000e+00
       -2.39672 0.00000e+00 0.00000e+00 0.00000e+00 0.00000e+00 0.00000e+00 0.00000e+00
       -2.39442 0.00000e+00 0.00000e+00 0.00000e+00 0.00000e+00 0.00000e+00 0.00000e+00
       -2.39212 0.00000e+00 0.00000e+00 0.00000e+00 0.00000e+00 0.00000e+00 0.00000e+00
       -2.38982 0.00000e+00 0.00000e+00 0.00000e+00 0.00000e+00 0.00000e+00 0.00000e+00
       -2.38752 0.00000e+00 0.00000e+00 0.00000e+00 0.00000e+00 0.00000e+00 0.00000e+00
       -2.38522 0.00000e+00 0.00000e+00 0.00000e+00 0.00000e+00 0.00000e+00 0.00000e+00
       -2.38292 0.00000e+00 0.00000e+00 0.00000e+00 0.00000e+00 0.00000e+00 0.00000e+00
       -2.38062 0.00000e+00 0.00000e+00 0.00000e+00 0.00000e+00 0.00000e+00 0.00000e+00
       -2.37832 0.00000e+00 0.00000e+00 0.00000e+00 0.00000e+00 0.00000e+00 0.00000e+00
       -2.37602 0.00000e+00 0.00000e+00 0.00000e+00 0.00000e+00 0.00000e+00 0.00000e+00
       -2.37371 0.00000e+00 0.00000e+00 0.00000e+00 0.00000e+00 0.00000e+00 0.00000e+00
       -2.37141 0.00000e+00 0.00000e+00 0.00000e+00 0.00000e+00 0.00000e+00 0.00000e+00
       -2.36911 0.00000e+00 0.00000e+00 0.00000e+00 0.00000e+00 0.00000e+00 0.00000e+00
       -2.36681 0.00000e+00 0.00000e+00 0.00000e+00 0.00000e+00 0.00000e+00 0.00000e+00
       -2.36451 0.00000e+00 0.00000e+00 0.00000e+00 0.00000e+00 0.00000e+00 0.00000e+00
       -2.36221 0.00000e+00 0.00000e+00 0.00000e+00 0.00000e+00 0.00000e+00 0.00000e+00
       -2.35991 0.00000e+00 0.00000e+00 0.00000e+00 0.00000e+00 0.00000e+00 0.00000e+00
       -2.35761 0.00000e+00 0.00000e+00 0.00000e+00 0.00000e+00 0.00000e+00 0.00000e+00
       -2.35531 0.00000e+00 0.00000e+00 0.00000e+00 0.00000e+00 0.00000e+00 0.00000e+00
       -2.35301 0.00000e+00 0.00000e+00 0.00000e+00 0.00000e+00 0.00000e+00 0.00000e+00
       -2.35071 0.00000e+00 0.00000e+00 0.00000e+00 0.00000e+00 0.00000e+00 0.00000e+00
       -2.34840 0.00000e+00 0.00000e+00 0.00000e+00 0.00000e+00 0.00000e+00 0.00000e+00
       -2.34610 0.00000e+00 0.00000e+00 0.00000e+00 0.00000e+00 0.00000e+00 0.00000e+00
       -2.34380 0.00000e+00 0.00000e+00 0.00000e+00 0.00000e+00 0.00000e+00 0.00000e+00
       -2.34150 0.00000e+00 0.00000e+00 0.00000e+00 0.00000e+00 0.00000e+00 0.00000e+00
       -2.33920 0.00000e+00 0.00000e+00 0.00000e+00 0.00000e+00 0.00000e+00 0.00000e+00
       -2.33690 0.00000e+00 0.00000e+00 0.00000e+00 0.00000e+00 0.00000e+00 0.00000e+00
       -2.33460 0.00000e+00 0.00000e+00 0.00000e+00 0.00000e+00 0.00000e+00 0.00000e+00
       -2.33230 0.00000e+00 0.00000e+00 0.00000e+00 0.00000e+00 0.00000e+00 0.00000e+00
       -2.32999 0.00000e+00 0.00000e+00 0.00000e+00 0.00000e+00 0.00000e+00 0.00000e+00
       -2.32769 0.00000e+00 0.00000e+00 0.00000e+00 0.00000e+00 0.00000e+00 0.00000e+00
       -2.32539 0.00000e+00 0.00000e+00 0.00000e+00 0.00000e+00 0.00000e+00 0.00000e+00
       -2.32309 0.00000e+00 0.00000e+00 0.00000e+00 0.00000e+00 0.00000e+00 0.00000e+00
       -2.32079 0.00000e+00 0.00000e+00 0.00000e+00 0.00000e+00 0.00000e+00 0.00000e+00
       -2.31849 0.00000e+00 0.00000e+00 0.00000e+00 0.00000e+00 0.00000e+00 0.00000e+00
       -2.31619 0.00000e+00 0.00000e+00 0.00000e+00 0.00000e+00 0.00000e+00 0.00000e+00
       -2.31389 0.00000e+00 0.00000e+00 0.00000e+00 0.00000e+00 0.00000e+00 0.00000e+00
       -2.31159 0.00000e+00 0.00000e+00 0.00000e+00 0.00000e+00 0.00000e+00 0.00000e+00
       -2.30929 0.00000e+00 0.00000e+00 0.00000e+00 0.00000e+00 0.00000e+00 0.00000e+00
       -2.30699 0.00000e+00 0.00000e+00 0.00000e+00 0.00000e+00 0.00000e+00 0.00000e+00
       -2.30468 0.00000e+00 0.00000e+00 0.00000e+00 0.00000e+00 0.00000e+00 0.00000e+00
       -2.30238 0.00000e+00 0.00000e+00 0.00000e+00 0.00000e+00 0.00000e+00 0.00000e+00
       -2.30008 0.00000e+00 0.00000e+00 0.00000e+00 0.00000e+00 0.00000e+00 0.00000e+00
       -2.29778 0.00000e+00 0.00000e+00 0.00000e+00 0.00000e+00 0.00000e+00 0.00000e+00
       -2.29548 0.00000e+00 0.00000e+00 0.00000e+00 0.00000e+00 0.00000e+00 0.00000e+00
       -2.29318 0.00000e+00 0.00000e+00 0.00000e+00 0.00000e+00 0.00000e+00 0.00000e+00
       -2.29088 0.00000e+00 0.00000e+00 0.00000e+00 0.00000e+00 0.00000e+00 0.00000e+00
       -2.28858 0.00000e+00 0.00000e+00 0.00000e+00 0.00000e+00 0.00000e+00 0.00000e+00
       -2.28628 0.00000e+00 0.00000e+00 0.00000e+00 0.00000e+00 0.00000e+00 0.00000e+00
       -2.28397 0.00000e+00 0.00000e+00 0.00000e+00 0.00000e+00 0.00000e+00 0.00000e+00
       -2.28167 0.00000e+00 0.00000e+00 0.00000e+00 0.00000e+00 0.00000e+00 0.00000e+00
       -2.27937 0.00000e+00 0.00000e+00 0.00000e+00 0.00000e+00 0.00000e+00 0.00000e+00
       -2.27707 0.00000e+00 0.00000e+00 0.00000e+00 0.00000e+00 0.00000e+00 0.00000e+00
       -2.27477 0.00000e+00 0.00000e+00 0.00000e+00 0.00000e+00 0.00000e+00 0.00000e+00
       -2.27247 0.00000e+00 0.00000e+00 0.00000e+00 0.00000e+00 0.00000e+00 0.00000e+00
       -2.27017 0.00000e+00 0.00000e+00 0.00000e+00 0.00000e+00 0.00000e+00 0.00000e+00
       -2.26787 0.00000e+00 0.00000e+00 0.00000e+00 0.00000e+00 0.00000e+00 0.00000e+00
       -2.26557 0.00000e+00 0.00000e+00 0.00000e+00 0.00000e+00 0.00000e+00 0.00000e+00
       -2.26327 0.00000e+00 0.00000e+00 0.00000e+00 0.00000e+00 0.00000e+00 0.00000e+00
       -2.26096 0.00000e+00 0.00000e+00 0.00000e+00 0.00000e+00 0.00000e+00 0.00000e+00
       -2.25866 0.00000e+00 0.00000e+00 0.00000e+00 0.00000e+00 0.00000e+00 0.00000e+00
       -2.25636 0.00000e+00 0.00000e+00 0.00000e+00 0.00000e+00 0.00000e+00 0.00000e+00
       -2.25406 0.00000e+00 0.00000e+00 0.00000e+00 0.00000e+00 0.00000e+00 0.00000e+00
       -2.25176 0.00000e+00 0.00000e+00 0.00000e+00 0.00000e+00 0.00000e+00 0.00000e+00
       -2.24946 0.00000e+00 0.00000e+00 0.00000e+00 0.00000e+00 0.00000e+00 0.00000e+00
       -2.24716 0.00000e+00 0.00000e+00 0.00000e+00 0.00000e+00 0.00000e+00 0.00000e+00
       -2.24486 0.00000e+00 0.00000e+00 0.00000e+00 0.00000e+00 0.00000e+00 0.00000e+00
       -2.24256 0.00000e+00 0.00000e+00 0.00000e+00 0.00000e+00 0.00000e+00 0.00000e+00
       -2.24025 0.00000e+00 0.00000e+00 0.00000e+00 0.00000e+00 0.00000e+00 0.00000e+00
       -2.23795 0.00000e+00 0.00000e+00 0.00000e+00 0.00000e+00 0.00000e+00 0.00000e+00
       -2.23565 0.00000e+00 0.00000e+00 0.00000e+00 0.00000e+00 0.00000e+00 0.00000e+00
       -2.23335 0.00000e+00 0.00000e+00 0.00000e+00 0.00000e+00 0.00000e+00 0.00000e+00
       -2.23105 0.00000e+00 0.00000e+00 0.00000e+00 0.00000e+00 0.00000e+00 0.00000e+00
       -2.22875 0.00000e+00 0.00000e+00 0.00000e+00 0.00000e+00 0.00000e+00 0.00000e+00
       -2.22645 0.00000e+00 0.00000e+00 0.00000e+00 0.00000e+00 0.00000e+00 0.00000e+00
       -2.22415 0.00000e+00 0.00000e+00 0.00000e+00 0.00000e+00 0.00000e+00 0.00000e+00
       -2.22185 0.00000e+00 0.00000e+00 0.00000e+00 0.00000e+00 0.00000e+00 0.00000e+00
       -2.21955 0.00000e+00 0.00000e+00 0.00000e+00 0.00000e+00 0.00000e+00 0.00000e+00
       -2.21725 0.00000e+00 0.00000e+00 0.00000e+00 0.00000e+00 0.00000e+00 0.00000e+00
       -2.21494 0.00000e+00 0.00000e+00 0.00000e+00 0.00000e+00 0.00000e+00 0.00000e+00
       -2.21264 0.00000e+00 0.00000e+00 0.00000e+00 0.00000e+00 0.00000e+00 0.00000e+00
       -2.21034 0.00000e+00 0.00000e+00 0.00000e+00 0.00000e+00 0.00000e+00 0.00000e+00
       -2.20804 0.00000e+00 0.00000e+00 0.00000e+00 0.00000e+00 0.00000e+00 0.00000e+00
       -2.20574 0.00000e+00 0.00000e+00 0.00000e+00 0.00000e+00 0.00000e+00 0.00000e+00
       -2.20344 0.00000e+00 0.00000e+00 0.00000e+00 0.00000e+00 0.00000e+00 0.00000e+00
       -2.20114 0.00000e+00 0.00000e+00 0.00000e+00 0.00000e+00 0.00000e+00 0.00000e+00
       -2.19884 0.00000e+00 0.00000e+00 0.00000e+00 0.00000e+00 0.00000e+00 0.00000e+00
       -2.19654 0.00000e+00 0.00000e+00 0.00000e+00 0.00000e+00 0.00000e+00 0.00000e+00
       -2.19423 0.00000e+00 0.00000e+00 0.00000e+00 0.00000e+00 0.00000e+00 0.00000e+00
       -2.19193 0.00000e+00 0.00000e+00 0.00000e+00 0.00000e+00 0.00000e+00 0.00000e+00
       -2.18963 0.00000e+00 0.00000e+00 0.00000e+00 0.00000e+00 0.00000e+00 0.00000e+00
       -2.18733 0.00000e+00 0.00000e+00 0.00000e+00 0.00000e+00 0.00000e+00 0.00000e+00
       -2.18503 0.00000e+00 0.00000e+00 0.00000e+00 0.00000e+00 0.00000e+00 0.00000e+00
       -2.18273 0.00000e+00 0.00000e+00 0.00000e+00 0.00000e+00 0.00000e+00 0.00000e+00
       -2.18043 0.00000e+00 0.00000e+00 0.00000e+00 0.00000e+00 0.00000e+00 0.00000e+00
       -2.17813 0.00000e+00 0.00000e+00 0.00000e+00 0.00000e+00 0.00000e+00 0.00000e+00
       -2.17583 0.00000e+00 0.00000e+00 0.00000e+00 0.00000e+00 0.00000e+00 0.00000e+00
       -2.17353 0.00000e+00 0.00000e+00 0.00000e+00 0.00000e+00 0.00000e+00 0.00000e+00
       -2.17122 0.00000e+00 0.00000e+00 0.00000e+00 0.00000e+00 0.00000e+00 0.00000e+00
       -2.16892 0.00000e+00 0.00000e+00 0.00000e+00 0.00000e+00 0.00000e+00 0.00000e+00
       -2.16662 0.00000e+00 0.00000e+00 0.00000e+00 0.00000e+00 0.00000e+00 0.00000e+00
       -2.16432 0.00000e+00 0.00000e+00 0.00000e+00 0.00000e+00 0.00000e+00 0.00000e+00
       -2.16202 0.00000e+00 0.00000e+00 0.00000e+00 0.00000e+00 0.00000e+00 0.00000e+00
       -2.15972 0.00000e+00 0.00000e+00 0.00000e+00 0.00000e+00 0.00000e+00 0.00000e+00
       -2.15742 0.00000e+00 0.00000e+00 0.00000e+00 0.00000e+00 0.00000e+00 0.00000e+00
       -2.15512 0.00000e+00 0.00000e+00 0.00000e+00 0.00000e+00 0.00000e+00 0.00000e+00
       -2.15282 0.00000e+00 0.00000e+00 0.00000e+00 0.00000e+00 0.00000e+00 0.00000e+00
       -2.15051 0.00000e+00 0.00000e+00 0.00000e+00 0.00000e+00 0.00000e+00 0.00000e+00
       -2.14821 0.00000e+00 0.00000e+00 0.00000e+00 0.00000e+00 0.00000e+00 0.00000e+00
       -2.14591 0.00000e+00 0.00000e+00 0.00000e+00 0.00000e+00 0.00000e+00 0.00000e+00
       -2.14361 0.00000e+00 0.00000e+00 0.00000e+00 0.00000e+00 0.00000e+00 0.00000e+00
       -2.14131 0.00000e+00 0.00000e+00 0.00000e+00 0.00000e+00 0.00000e+00 0.00000e+00
       -2.13901 0.00000e+00 0.00000e+00 0.00000e+00 0.00000e+00 0.00000e+00 0.00000e+00
       -2.13671 0.00000e+00 0.00000e+00 0.00000e+00 0.00000e+00 0.00000e+00 0.00000e+00
       -2.13441 0.00000e+00 0.00000e+00 0.00000e+00 0.00000e+00 0.00000e+00 0.00000e+00
       -2.13211 0.00000e+00 0.00000e+00 0.00000e+00 0.00000e+00 0.00000e+00 0.00000e+00
       -2.12981 0.00000e+00 0.00000e+00 0.00000e+00 0.00000e+00 0.00000e+00 0.00000e+00
       -2.12751 0.00000e+00 0.00000e+00 0.00000e+00 0.00000e+00 0.00000e+00 0.00000e+00
       -2.12520 0.00000e+00 0.00000e+00 0.00000e+00 0.00000e+00 0.00000e+00 0.00000e+00
       -2.12290 0.00000e+00 0.00000e+00 0.00000e+00 0.00000e+00 0.00000e+00 0.00000e+00
       -2.12060 0.00000e+00 0.00000e+00 0.00000e+00 0.00000e+00 0.00000e+00 0.00000e+00
       -2.11830 0.00000e+00 0.00000e+00 0.00000e+00 0.00000e+00 0.00000e+00 0.00000e+00
       -2.11600 0.00000e+00 0.00000e+00 0.00000e+00 0.00000e+00 0.00000e+00 0.00000e+00
       -2.11370 0.00000e+00 0.00000e+00 0.00000e+00 0.00000e+00 0.00000e+00 0.00000e+00
       -2.11140 0.00000e+00 0.00000e+00 0.00000e+00 0.00000e+00 0.00000e+00 0.00000e+00
       -2.10910 0.00000e+00 0.00000e+00 0.00000e+00 0.00000e+00 0.00000e+00 0.00000e+00
       -2.10679 0.00000e+00 0.00000e+00 0.00000e+00 0.00000e+00 0.00000e+00 0.00000e+00
       -2.10449 0.00000e+00 0.00000e+00 0.00000e+00 0.00000e+00 0.00000e+00 0.00000e+00
       -2.10219 0.00000e+00 0.00000e+00 0.00000e+00 0.00000e+00 0.00000e+00 0.00000e+00
       -2.09989 0.00000e+00 0.00000e+00 0.00000e+00 0.00000e+00 0.00000e+00 0.00000e+00
       -2.09759 0.00000e+00 0.00000e+00 0.00000e+00 0.00000e+00 0.00000e+00 0.00000e+00
       -2.09529 0.00000e+00 0.00000e+00 0.00000e+00 0.00000e+00 0.00000e+00 0.00000e+00
       -2.09299 0.00000e+00 0.00000e+00 0.00000e+00 0.00000e+00 0.00000e+00 0.00000e+00
       -2.09069 0.00000e+00 0.00000e+00 0.00000e+00 0.00000e+00 0.00000e+00 0.00000e+00
       -2.08839 0.00000e+00 0.00000e+00 0.00000e+00 0.00000e+00 0.00000e+00 0.00000e+00
       -2.08609 0.00000e+00 0.00000e+00 0.00000e+00 0.00000e+00 0.00000e+00 0.00000e+00
       -2.08379 0.00000e+00 0.00000e+00 0.00000e+00 0.00000e+00 0.00000e+00 0.00000e+00
       -2.08148 0.00000e+00 0.00000e+00 0.00000e+00 0.00000e+00 0.00000e+00 0.00000e+00
       -2.07918 0.00000e+00 0.00000e+00 0.00000e+00 0.00000e+00 0.00000e+00 0.00000e+00
       -2.07688 0.00000e+00 0.00000e+00 0.00000e+00 0.00000e+00 0.00000e+00 0.00000e+00
       -2.07458 0.00000e+00 0.00000e+00 0.00000e+00 0.00000e+00 0.00000e+00 0.00000e+00
       -2.07228 0.00000e+00 0.00000e+00 0.00000e+00 0.00000e+00 0.00000e+00 0.00000e+00
       -2.06998 0.00000e+00 0.00000e+00 0.00000e+00 0.00000e+00 0.00000e+00 0.00000e+00
       -2.06768 0.00000e+00 0.00000e+00 0.00000e+00 0.00000e+00 0.00000e+00 0.00000e+00
       -2.06538 0.00000e+00 0.00000e+00 0.00000e+00 0.00000e+00 0.00000e+00 0.00000e+00
       -2.06308 0.00000e+00 0.00000e+00 0.00000e+00 0.00000e+00 0.00000e+00 0.00000e+00
       -2.06078 0.00000e+00 0.00000e+00 0.00000e+00 0.00000e+00 0.00000e+00 0.00000e+00
       -2.05847 0.00000e+00 0.00000e+00 0.00000e+00 0.00000e+00 0.00000e+00 0.00000e+00
       -2.05617 0.00000e+00 0.00000e+00 0.00000e+00 0.00000e+00 0.00000e+00 0.00000e+00
       -2.05387 0.00000e+00 0.00000e+00 0.00000e+00 0.00000e+00 0.00000e+00 0.00000e+00
       -2.05157 0.00000e+00 0.00000e+00 0.00000e+00 0.00000e+00 0.00000e+00 0.00000e+00
       -2.04927 0.00000e+00 0.00000e+00 0.00000e+00 0.00000e+00 0.00000e+00 0.00000e+00
       -2.04697 0.00000e+00 0.00000e+00 0.00000e+00 0.00000e+00 0.00000e+00 0.00000e+00
       -2.04467 0.00000e+00 0.00000e+00 0.00000e+00 0.00000e+00 0.00000e+00 0.00000e+00
       -2.04237 0.00000e+00 0.00000e+00 0.00000e+00 0.00000e+00 0.00000e+00 0.00000e+00
       -2.04007 0.00000e+00 0.00000e+00 0.00000e+00 0.00000e+00 0.00000e+00 0.00000e+00
       -2.03776 0.00000e+00 0.00000e+00 0.00000e+00 0.00000e+00 0.00000e+00 0.00000e+00
       -2.03546 0.00000e+00 0.00000e+00 0.00000e+00 0.00000e+00 0.00000e+00 0.00000e+00
       -2.03316 0.00000e+00 0.00000e+00 0.00000e+00 0.00000e+00 0.00000e+00 0.00000e+00
       -2.03086 0.00000e+00 0.00000e+00 0.00000e+00 0.00000e+00 0.00000e+00 0.00000e+00
       -2.02856 0.00000e+00 0.00000e+00 0.00000e+00 0.00000e+00 0.00000e+00 0.00000e+00
       -2.02626 0.00000e+00 0.00000e+00 0.00000e+00 0.00000e+00 0.00000e+00 0.00000e+00
       -2.02396 0.00000e+00 0.00000e+00 0.00000e+00 0.00000e+00 0.00000e+00 0.00000e+00
       -2.02166 0.00000e+00 0.00000e+00 0.00000e+00 0.00000e+00 0.00000e+00 0.00000e+00
       -2.01936 0.00000e+00 0.00000e+00 0.00000e+00 0.00000e+00 0.00000e+00 0.00000e+00
       -2.01706 0.00000e+00 0.00000e+00 0.00000e+00 0.00000e+00 0.00000e+00 0.00000e+00
       -2.01475 0.00000e+00 0.00000e+00 0.00000e+00 0.00000e+00 0.00000e+00 0.00000e+00
       -2.01245 0.00000e+00 0.00000e+00 0.00000e+00 0.00000e+00 0.00000e+00 0.00000e+00
       -2.01015 0.00000e+00 0.00000e+00 0.00000e+00 0.00000e+00 0.00000e+00 0.00000e+00
       -2.00785 0.00000e+00 0.00000e+00 0.00000e+00 0.00000e+00 0.00000e+00 0.00000e+00
       -2.00555 0.00000e+00 0.00000e+00 0.00000e+00 0.00000e+00 0.00000e+00 0.00000e+00
       -2.00325 0.00000e+00 0.00000e+00 0.00000e+00 0.00000e+00 0.00000e+00 0.00000e+00
       -2.00095 0.00000e+00 0.00000e+00 0.00000e+00 0.00000e+00 0.00000e+00 0.00000e+00
       -1.99865 0.00000e+00 0.00000e+00 0.00000e+00 0.00000e+00 0.00000e+00 0.00000e+00
       -1.99635 0.00000e+00 0.00000e+00 0.00000e+00 0.00000e+00 0.00000e+00 0.00000e+00
       -1.99405 0.00000e+00 0.00000e+00 0.00000e+00 0.00000e+00 0.00000e+00 0.00000e+00
       -1.99174 0.00000e+00 0.00000e+00 0.00000e+00 0.00000e+00 0.00000e+00 0.00000e+00
       -1.98944 0.00000e+00 0.00000e+00 0.00000e+00 0.00000e+00 0.00000e+00 0.00000e+00
       -1.98714 0.00000e+00 0.00000e+00 0.00000e+00 0.00000e+00 0.00000e+00 0.00000e+00
       -1.98484 0.00000e+00 0.00000e+00 0.00000e+00 0.00000e+00 0.00000e+00 0.00000e+00
       -1.98254 0.00000e+00 0.00000e+00 0.00000e+00 0.00000e+00 0.00000e+00 0.00000e+00
       -1.98024 0.00000e+00 0.00000e+00 0.00000e+00 0.00000e+00 0.00000e+00 0.00000e+00
       -1.97794 0.00000e+00 0.00000e+00 0.00000e+00 0.00000e+00 0.00000e+00 0.00000e+00
       -1.97564 0.00000e+00 0.00000e+00 0.00000e+00 0.00000e+00 0.00000e+00 0.00000e+00
       -1.97334 0.00000e+00 0.00000e+00 0.00000e+00 0.00000e+00 0.00000e+00 0.00000e+00
       -1.97104 0.00000e+00 0.00000e+00 0.00000e+00 0.00000e+00 0.00000e+00 0.00000e+00
       -1.96873 0.00000e+00 0.00000e+00 0.00000e+00 0.00000e+00 0.00000e+00 0.00000e+00
       -1.96643 0.00000e+00 0.00000e+00 0.00000e+00 0.00000e+00 0.00000e+00 0.00000e+00
       -1.96413 0.00000e+00 0.00000e+00 0.00000e+00 0.00000e+00 0.00000e+00 0.00000e+00
       -1.96183 0.00000e+00 0.00000e+00 0.00000e+00 0.00000e+00 0.00000e+00 0.00000e+00
       -1.95953 0.00000e+00 0.00000e+00 0.00000e+00 0.00000e+00 0.00000e+00 0.00000e+00
       -1.95723 0.00000e+00 0.00000e+00 0.00000e+00 0.00000e+00 0.00000e+00 0.00000e+00
       -1.95493 0.00000e+00 0.00000e+00 0.00000e+00 0.00000e+00 0.00000e+00 0.00000e+00
       -1.95263 0.00000e+00 0.00000e+00 0.00000e+00 0.00000e+00 0.00000e+00 0.00000e+00
       -1.95033 0.00000e+00 0.00000e+00 0.00000e+00 0.00000e+00 0.00000e+00 0.00000e+00
       -1.94802 0.00000e+00 0.00000e+00 0.00000e+00 0.00000e+00 0.00000e+00 0.00000e+00
       -1.94572 0.00000e+00 0.00000e+00 0.00000e+00 0.00000e+00 0.00000e+00 0.00000e+00
       -1.94342 0.00000e+00 0.00000e+00 0.00000e+00 0.00000e+00 0.00000e+00 0.00000e+00
       -1.94112 0.00000e+00 0.00000e+00 0.00000e+00 0.00000e+00 0.00000e+00 0.00000e+00
       -1.93882 0.00000e+00 0.00000e+00 0.00000e+00 0.00000e+00 0.00000e+00 0.00000e+00
       -1.93652 0.00000e+00 0.00000e+00 0.00000e+00 0.00000e+00 0.00000e+00 0.00000e+00
       -1.93422 0.00000e+00 0.00000e+00 0.00000e+00 0.00000e+00 0.00000e+00 0.00000e+00
       -1.93192 0.00000e+00 0.00000e+00 0.00000e+00 0.00000e+00 0.00000e+00 0.00000e+00
       -1.92962 0.00000e+00 0.00000e+00 0.00000e+00 0.00000e+00 0.00000e+00 0.00000e+00
       -1.92731 0.00000e+00 0.00000e+00 0.00000e+00 0.00000e+00 0.00000e+00 0.00000e+00
       -1.92501 0.00000e+00 0.00000e+00 0.00000e+00 0.00000e+00 0.00000e+00 0.00000e+00
       -1.92271 0.00000e+00 0.00000e+00 0.00000e+00 0.00000e+00 0.00000e+00 0.00000e+00
       -1.92041 0.00000e+00 0.00000e+00 0.00000e+00 0.00000e+00 0.00000e+00 0.00000e+00
       -1.91811 0.00000e+00 0.00000e+00 0.00000e+00 0.00000e+00 0.00000e+00 0.00000e+00
       -1.91581 0.00000e+00 0.00000e+00 0.00000e+00 0.00000e+00 0.00000e+00 0.00000e+00
       -1.91351 0.00000e+00 0.00000e+00 0.00000e+00 0.00000e+00 0.00000e+00 0.00000e+00
       -1.91121 0.00000e+00 0.00000e+00 0.00000e+00 0.00000e+00 0.00000e+00 0.00000e+00
       -1.90891 0.00000e+00 0.00000e+00 0.00000e+00 0.00000e+00 0.00000e+00 0.00000e+00
       -1.90661 0.00000e+00 0.00000e+00 0.00000e+00 0.00000e+00 0.00000e+00 0.00000e+00
       -1.90430 0.00000e+00 0.00000e+00 0.00000e+00 0.00000e+00 0.00000e+00 0.00000e+00
       -1.90200 0.00000e+00 0.00000e+00 0.00000e+00 0.00000e+00 0.00000e+00 0.00000e+00
       -1.89970 0.00000e+00 0.00000e+00 0.00000e+00 0.00000e+00 0.00000e+00 0.00000e+00
       -1.89740 0.00000e+00 0.00000e+00 0.00000e+00 0.00000e+00 0.00000e+00 0.00000e+00
       -1.89510 0.00000e+00 0.00000e+00 0.00000e+00 0.00000e+00 0.00000e+00 0.00000e+00
       -1.89280 0.00000e+00 0.00000e+00 0.00000e+00 0.00000e+00 0.00000e+00 0.00000e+00
       -1.89050 0.00000e+00 0.00000e+00 0.00000e+00 0.00000e+00 0.00000e+00 0.00000e+00
       -1.88820 0.00000e+00 0.00000e+00 0.00000e+00 0.00000e+00 0.00000e+00 0.00000e+00
       -1.88590 0.00000e+00 0.00000e+00 0.00000e+00 0.00000e+00 0.00000e+00 0.00000e+00
       -1.88360 0.00000e+00 0.00000e+00 0.00000e+00 0.00000e+00 0.00000e+00 0.00000e+00
       -1.88129 0.00000e+00 0.00000e+00 0.00000e+00 0.00000e+00 0.00000e+00 0.00000e+00
       -1.87899 0.00000e+00 0.00000e+00 0.00000e+00 0.00000e+00 0.00000e+00 0.00000e+00
       -1.87669 0.00000e+00 0.00000e+00 0.00000e+00 0.00000e+00 0.00000e+00 0.00000e+00
       -1.87439 0.00000e+00 0.00000e+00 0.00000e+00 0.00000e+00 0.00000e+00 0.00000e+00
       -1.87209 0.00000e+00 0.00000e+00 0.00000e+00 0.00000e+00 0.00000e+00 0.00000e+00
       -1.86979 0.00000e+00 0.00000e+00 0.00000e+00 0.00000e+00 0.00000e+00 0.00000e+00
       -1.86749 0.00000e+00 0.00000e+00 0.00000e+00 0.00000e+00 0.00000e+00 0.00000e+00
       -1.86519 0.00000e+00 0.00000e+00 0.00000e+00 0.00000e+00 0.00000e+00 0.00000e+00
       -1.86289 0.00000e+00 0.00000e+00 0.00000e+00 0.00000e+00 0.00000e+00 0.00000e+00
       -1.86058 0.00000e+00 0.00000e+00 0.00000e+00 0.00000e+00 0.00000e+00 0.00000e+00
       -1.85828 0.00000e+00 0.00000e+00 0.00000e+00 0.00000e+00 0.00000e+00 0.00000e+00
       -1.85598 0.00000e+00 0.00000e+00 0.00000e+00 0.00000e+00 0.00000e+00 0.00000e+00
       -1.85368 0.00000e+00 0.00000e+00 0.00000e+00 0.00000e+00 0.00000e+00 0.00000e+00
       -1.85138 0.00000e+00 0.00000e+00 0.00000e+00 0.00000e+00 0.00000e+00 0.00000e+00
       -1.84908 0.00000e+00 0.00000e+00 0.00000e+00 0.00000e+00 0.00000e+00 0.00000e+00
       -1.84678 0.00000e+00 0.00000e+00 0.00000e+00 0.00000e+00 0.00000e+00 0.00000e+00
       -1.84448 0.00000e+00 0.00000e+00 0.00000e+00 0.00000e+00 0.00000e+00 0.00000e+00
       -1.84218 0.00000e+00 0.00000e+00 0.00000e+00 0.00000e+00 0.00000e+00 0.00000e+00
       -1.83988 0.00000e+00 0.00000e+00 0.00000e+00 0.00000e+00 0.00000e+00 0.00000e+00
       -1.83757 0.00000e+00 0.00000e+00 0.00000e+00 0.00000e+00 0.00000e+00 0.00000e+00
       -1.83527 0.00000e+00 0.00000e+00 0.00000e+00 0.00000e+00 0.00000e+00 0.00000e+00
       -1.83297 0.00000e+00 0.00000e+00 0.00000e+00 0.00000e+00 0.00000e+00 0.00000e+00
       -1.83067 0.00000e+00 0.00000e+00 0.00000e+00 0.00000e+00 0.00000e+00 0.00000e+00
       -1.82837 0.00000e+00 0.00000e+00 0.00000e+00 0.00000e+00 0.00000e+00 0.00000e+00
       -1.82607 0.00000e+00 0.00000e+00 0.00000e+00 0.00000e+00 0.00000e+00 0.00000e+00
       -1.82377 1.03055e-07 0.00000e+00 0.00000e+00 0.00000e+00 0.00000e+00 0.00000e+00
       -1.82147 1.79521e-06 0.00000e+00 0.00000e+00 0.00000e+00 0.00000e+00 0.00000e+00
       -1.81917 3.47842e-06 0.00000e+00 0.00000e+00 0.00000e+00 0.00000e+00 0.00000e+00
       -1.81687 5.15274e-06 0.00000e+00 0.00000e+00 0.00000e+00 0.00000e+00 0.00000e+00
       -1.81456 6.81821e-06 0.00000e+00 0.00000e+00 0.00000e+00 0.00000e+00 0.00000e+00
       -1.81226 8.47488e-06 0.00000e+00 0.00000e+00 0.00000e+00 0.00000e+00 0.00000e+00
       -1.80996 1.01228e-05 0.00000e+00 0.00000e+00 0.00000e+00 0.00000e+00 0.00000e+00
       -1.80766 1.17620e-05 0.00000e+00 0.00000e+00 0.00000e+00 0.00000e+00 0.00000e+00
       -1.80536 1.33933e-05 0.00000e+00 0.00000e+00 0.00000e+00 0.00000e+00 0.00000e+00
       -1.80306 1.50152e-05 0.00000e+00 0.00000e+00 0.00000e+00 0.00000e+00 0.00000e+00
       -1.80076 1.66285e-05 0.00000e+00 0.00000e+00 0.00000e+00 0.00000e+00 0.00000e+00
       -1.79846 1.82334e-05 0.00000e+00 0.00000e+00 0.00000e+00 0.00000e+00 0.00000e+00
       -1.79616 1.98297e-05 0.00000e+00 0.00000e+00 0.00000e+00 0.00000e+00 0.00000e+00
       -1.79385 2.14177e-05 0.00000e+00 0.00000e+00 0.00000e+00 0.00000e+00 0.00000e+00
       -1.79155 2.29973e-05 0.00000e+00 0.00000e+00 0.00000e+00 0.00000e+00 0.00000e+00
       -1.78925 2.45685e-05 0.00000e+00 0.00000e+00 0.00000e+00 0.00000e+00 0.00000e+00
       -1.78695 2.61314e-05 0.00000e+00 0.00000e+00 0.00000e+00 0.00000e+00 0.00000e+00
       -1.78465 2.76861e-05 0.00000e+00 0.00000e+00 0.00000e+00 0.00000e+00 0.00000e+00
       -1.78235 2.92325e-05 0.00000e+00 0.00000e+00 0.00000e+00 0.00000e+00 0.00000e+00
       -1.78005 3.07708e-05 0.00000e+00 0.00000e+00 0.00000e+00 0.00000e+00 0.00000e+00
       -1.77775 3.23010e-05 0.00000e+00 0.00000e+00 0.00000e+00 0.00000e+00 0.00000e+00
       -1.77545 3.38230e-05 0.00000e+00 0.00000e+00 0.00000e+00 0.00000e+00 0.00000e+00
       -1.77315 3.53371e-05 0.00000e+00 0.00000e+00 0.00000e+00 0.00000e+00 0.00000e+00
       -1.77085 3.68431e-05 0.00000e+00 0.00000e+00 0.00000e+00 0.00000e+00 0.00000e+00
       -1.76854 3.83411e-05 0.00000e+00 0.00000e+00 0.00000e+00 0.00000e+00 0.00000e+00
       -1.76624 3.98312e-05 0.00000e+00 0.00000e+00 0.00000e+00 0.00000e+00 0.00000e+00
       -1.76394 4.13134e-05 0.00000e+00 0.00000e+00 0.00000e+00 0.00000e+00 0.00000e+00
       -1.76164 4.27878e-05 0.00000e+00 0.00000e+00 0.00000e+00 0.00000e+00 0.00000e+00
       -1.75934 4.42544e-05 0.00000e+00 0.00000e+00 0.00000e+00 0.00000e+00 0.00000e+00
       -1.75704 4.57133e-05 0.00000e+00 0.00000e+00 0.00000e+00 0.00000e+00 0.00000e+00
       -1.75474 4.71644e-05 0.00000e+00 0.00000e+00 0.00000e+00 0.00000e+00 0.00000e+00
       -1.75244 4.86079e-05 0.00000e+00 0.00000e+00 0.00000e+00 0.00000e+00 0.00000e+00
       -1.75014 5.00437e-05 0.00000e+00 0.00000e+00 0.00000e+00 0.00000e+00 0.00000e+00
       -1.74784 5.14720e-05 0.00000e+00 0.00000e+00 0.00000e+00 0.00000e+00 0.00000e+00
       -1.74553 5.28927e-05 0.00000e+00 0.00000e+00 0.00000e+00 0.00000e+00 0.00000e+00
       -1.74323 5.92416e-05 0.00000e+00 0.00000e+00 0.00000e+00 0.00000e+00 0.00000e+00
       -1.74093 6.82135e-05 0.00000e+00 0.00000e+00 0.00000e+00 0.00000e+00 0.00000e+00
       -1.73863 7.71380e-05 0.00000e+00 0.00000e+00 0.00000e+00 0.00000e+00 0.00000e+00
       -1.73633 8.60153e-05 0.00000e+00 0.00000e+00 0.00000e+00 0.00000e+00 0.00000e+00
       -1.73403 9.48457e-05 0.00000e+00 0.00000e+00 0.00000e+00 0.00000e+00 0.00000e+00
       -1.73173 1.03629e-04 0.00000e+00 0.00000e+00 0.00000e+00 0.00000e+00 0.00000e+00
       -1.72943 1.12367e-04 0.00000e+00 0.00000e+00 0.00000e+00 0.00000e+00 0.00000e+00
       -1.72713 1.21062e-04 0.00000e+00 0.00000e+00 0.00000e+00 0.00000e+00 0.00000e+00
       -1.72482 1.29707e-04 0.00000e+00 0.00000e+00 0.00000e+00 0.00000e+00 0.00000e+00
       -1.72252 1.38306e-04 0.00000e+00 0.00000e+00 0.00000e+00 0.00000e+00 0.00000e+00
       -1.72022 1.46861e-04 0.00000e+00 0.00000e+00 0.00000e+00 0.00000e+00 0.00000e+00
       -1.71792 1.55370e-04 0.00000e+00 0.00000e+00 0.00000e+00 0.00000e+00 0.00000e+00
       -1.71562 1.63835e-04 0.00000e+00 0.00000e+00 0.00000e+00 0.00000e+00 0.00000e+00
       -1.71332 1.72254e-04 0.00000e+00 0.00000e+00 0.00000e+00 0.00000e+00 0.00000e+00
       -1.71102 1.80630e-04 0.00000e+00 0.00000e+00 0.00000e+00 0.00000e+00 0.00000e+00
       -1.70872 1.88961e-04 0.00000e+00 0.00000e+00 0.00000e+00 0.00000e+00 0.00000e+00
       -1.70642 1.97248e-04 0.00000e+00 0.00000e+00 0.00000e+00 0.00000e+00 0.00000e+00
       -1.70412 2.05491e-04 0.00000e+00 0.00000e+00 0.00000e+00 0.00000e+00 0.00000e+00
       -1.70181 2.13690e-04 0.00000e+00 0.00000e+00 0.00000e+00 0.00000e+00 0.00000e+00
       -1.69951 2.21847e-04 0.00000e+00 0.00000e+00 0.00000e+00 0.00000e+00 0.00000e+00
       -1.69721 2.29959e-04 0.00000e+00 0.00000e+00 0.00000e+00 0.00000e+00 0.00000e+00
       -1.69491 2.38029e-04 0.00000e+00 0.00000e+00 0.00000e+00 0.00000e+00 0.00000e+00
       -1.69261 2.46056e-04 0.00000e+00 0.00000e+00 0.00000e+00 0.00000e+00 0.00000e+00
       -1.69031 2.54041e-04 0.00000e+00 0.00000e+00 0.00000e+00 0.00000e+00 0.00000e+00
       -1.68801 2.61983e-04 0.00000e+00 0.00000e+00 0.00000e+00 0.00000e+00 0.00000e+00
       -1.68571 2.69884e-04 0.00000e+00 0.00000e+00 0.00000e+00 0.00000e+00 0.00000e+00
       -1.68341 2.77743e-04 0.00000e+00 0.00000e+00 0.00000e+00 0.00000e+00 0.00000e+00
       -1.68111 2.85560e-04 0.00000e+00 0.00000e+00 0.00000e+00 0.00000e+00 0.00000e+00
       -1.67880 2.93336e-04 0.00000e+00 0.00000e+00 0.00000e+00 0.00000e+00 0.00000e+00
       -1.67650 3.12406e-04 0.00000e+00 0.00000e+00 0.00000e+00 0.00000e+00 0.00000e+00
       -1.67420 3.40429e-04 0.00000e+00 0.00000e+00 0.00000e+00 0.00000e+00 0.00000e+00
       -1.67190 3.68305e-04 0.00000e+00 0.00000e+00 0.00000e+00 0.00000e+00 0.00000e+00
       -1.66960 3.96033e-04 0.00000e+00 0.00000e+00 0.00000e+00 0.00000e+00 0.00000e+00
       -1.66730 4.23614e-04 0.00000e+00 0.00000e+00 0.00000e+00 0.00000e+00 0.00000e+00
       -1.66500 4.51050e-04 0.00000e+00 0.00000e+00 0.00000e+00 0.00000e+00 0.00000e+00
       -1.66270 4.78340e-04 0.00000e+00 0.00000e+00 0.00000e+00 0.00000e+00 0.00000e+00
       -1.66040 5.05487e-04 0.00000e+00 0.00000e+00 0.00000e+00 0.00000e+00 0.00000e+00
       -1.65810 5.32490e-04 0.00000e+00 0.00000e+00 0.00000e+00 0.00000e+00 0.00000e+00
       -1.65579 5.59352e-04 0.00000e+00 0.00000e+00 0.00000e+00 0.00000e+00 0.00000e+00
       -1.65349 5.86073e-04 0.00000e+00 0.00000e+00 0.00000e+00 0.00000e+00 0.00000e+00
       -1.65119 6.12663e-04 0.00000e+00 0.00000e+00 0.00000e+00 0.00000e+00 0.00000e+00
       -1.64889 6.39102e-04 0.00000e+00 0.00000e+00 0.00000e+00 0.00000e+00 0.00000e+00
       -1.64659 6.65401e-04 0.00000e+00 0.00000e+00 0.00000e+00 0.00000e+00 0.00000e+00
       -1.64429 6.91561e-04 0.00000e+00 0.00000e+00 0.00000e+00 0.00000e+00 0.00000e+00
       -1.64199 7.17583e-04 0.00000e+00 0.00000e+00 0.00000e+00 0.00000e+00 0.00000e+00
       -1.63969 7.43468e-04 0.00000e+00 0.00000e+00 0.00000e+00 0.00000e+00 0.00000e+00
       -1.63739 8.06562e-04 0.00000e+00 0.00000e+00 0.00000e+00 0.00000e+00 0.00000e+00
       -1.63508 9.28683e-04 0.00000e+00 0.00000e+00 0.00000e+00 0.00000e+00 0.00000e+00
       -1.63278 1.05016e-03 0.00000e+00 0.00000e+00 0.00000e+00 0.00000e+00 0.00000e+00
       -1.63048 1.17099e-03 0.00000e+00 0.00000e+00 0.00000e+00 0.00000e+00 0.00000e+00
       -1.62818 1.29119e-03 0.00000e+00 0.00000e+00 0.00000e+00 0.00000e+00 0.00000e+00
       -1.62588 1.41075e-03 0.00000e+00 0.00000e+00 0.00000e+00 0.00000e+00 0.00000e+00
       -1.62358 1.52968e-03 0.00000e+00 0.00000e+00 0.00000e+00 0.00000e+00 0.00000e+00
       -1.62128 1.64798e-03 0.00000e+00 0.00000e+00 0.00000e+00 0.00000e+00 0.00000e+00
       -1.61898 1.74409e-03 0.00000e+00 0.00000e+00 0.00000e+00 0.00000e+00 0.00000e+00
       -1.61668 1.80023e-03 0.00000e+00 0.00000e+00 0.00000e+00 0.00000e+00 0.00000e+00
       -1.61437 1.85608e-03 0.00000e+00 0.00000e+00 0.00000e+00 0.00000e+00 0.00000e+00
       -1.61207 1.91163e-03 0.00000e+00 0.00000e+00 0.00000e+00 0.00000e+00 0.00000e+00
       -1.60977 1.96689e-03 0.00000e+00 0.00000e+00 0.00000e+00 0.00000e+00 0.00000e+00
       -1.60747 2.02186e-03 0.00000e+00 0.00000e+00 0.00000e+00 0.00000e+00 0.00000e+00
       -1.60517 2.07653e-03 0.00000e+00 0.00000e+00 0.00000e+00 0.00000e+00 0.00000e+00
       -1.60287 2.13092e-03 0.00000e+00 0.00000e+00 0.00000e+00 0.00000e+00 0.00000e+00
       -1.60057 2.19764e-03 0.00000e+00 0.00000e+00 0.00000e+00 0.00000e+00 0.00000e+00
       -1.59827 2.27084e-03 0.00000e+00 0.00000e+00 0.00000e+00 0.00000e+00 0.00000e+00
       -1.59597 2.34365e-03 0.00000e+00 0.00000e+00 0.00000e+00 0.00000e+00 0.00000e+00
       -1.59367 2.41608e-03 0.00000e+00 0.00000e+00 0.00000e+00 0.00000e+00 0.00000e+00
       -1.59136 2.48812e-03 0.00000e+00 0.00000e+00 0.00000e+00 0.00000e+00 0.00000e+00
       -1.58906 2.55979e-03 0.00000e+00 0.00000e+00 0.00000e+00 0.00000e+00 0.00000e+00
       -1.58676 2.63107e-03 0.00000e+00 0.00000e+00 0.00000e+00 0.00000e+00 0.00000e+00
       -1.58446 2.70198e-03 0.00000e+00 0.00000e+00 0.00000e+00 0.00000e+00 0.00000e+00
       -1.58216 2.77252e-03 0.00000e+00 0.00000e+00 0.00000e+00 0.00000e+00 0.00000e+00
       -1.57986 2.84268e-03 0.00000e+00 0.00000e+00 0.00000e+00 0.00000e+00 0.00000e+00
       -1.57756 2.91247e-03 0.00000e+00 0.00000e+00 0.00000e+00 0.00000e+00 0.00000e+00
       -1.57526 2.98192e-03 0.00000e+00 0.00000e+00 0.00000e+00 0.00000e+00 0.00000e+00
       -1.57296 3.05097e-03 0.00000e+00 0.00000e+00 0.00000e+00 0.00000e+00 0.00000e+00
       -1.57065 3.11966e-03 0.00000e+00 0.00000e+00 0.00000e+00 0.00000e+00 0.00000e+00
       -1.56835 3.18799e-03 0.00000e+00 0.00000e+00 0.00000e+00 0.00000e+00 0.00000e+00
       -1.56605 3.25596e-03 0.00000e+00 0.00000e+00 0.00000e+00 0.00000e+00 0.00000e+00
       -1.56375 3.32356e-03 0.00000e+00 0.00000e+00 0.00000e+00 0.00000e+00 0.00000e+00
       -1.56145 3.39081e-03 0.00000e+00 0.00000e+00 0.00000e+00 0.00000e+00 0.00000e+00
       -1.55915 3.45771e-03 0.00000e+00 0.00000e+00 0.00000e+00 0.00000e+00 0.00000e+00
       -1.55685 3.52425e-03 0.00000e+00 0.00000e+00 0.00000e+00 0.00000e+00 0.00000e+00
       -1.55455 3.59044e-03 0.00000e+00 0.00000e+00 0.00000e+00 0.00000e+00 0.00000e+00
       -1.55225 3.68785e-03 0.00000e+00 0.00000e+00 0.00000e+00 0.00000e+00 0.00000e+00
       -1.54995 3.87503e-03 0.00000e+00 0.00000e+00 0.00000e+00 0.00000e+00 0.00000e+00
       -1.54764 4.06122e-03 0.00000e+00 0.00000e+00 0.00000e+00 0.00000e+00 0.00000e+00
       -1.54534 4.24642e-03 0.00000e+00 0.00000e+00 0.00000e+00 0.00000e+00 0.00000e+00
       -1.54304 4.43065e-03 0.00000e+00 0.00000e+00 0.00000e+00 0.00000e+00 0.00000e+00
       -1.54074 4.61390e-03 0.00000e+00 0.00000e+00 0.00000e+00 0.00000e+00 0.00000e+00
       -1.53844 4.79619e-03 0.00000e+00 0.00000e+00 0.00000e+00 0.00000e+00 0.00000e+00
       -1.53614 4.97751e-03 0.00000e+00 0.00000e+00 0.00000e+00 0.00000e+00 0.00000e+00
       -1.53384 5.15787e-03 0.00000e+00 0.00000e+00 0.00000e+00 0.00000e+00 0.00000e+00
       -1.53154 5.33729e-03 0.00000e+00 0.00000e+00 0.00000e+00 0.00000e+00 0.00000e+00
       -1.52924 5.51575e-03 0.00000e+00 0.00000e+00 0.00000e+00 0.00000e+00 0.00000e+00
       -1.52694 5.69327e-03 0.00000e+00 0.00000e+00 0.00000e+00 0.00000e+00 0.00000e+00
       -1.52463 5.86985e-03 0.00000e+00 0.00000e+00 0.00000e+00 0.00000e+00 0.00000e+00
       -1.52233 6.04550e-03 0.00000e+00 0.00000e+00 0.00000e+00 0.00000e+00 0.00000e+00
       -1.52003 6.22022e-03 0.00000e+00 0.00000e+00 0.00000e+00 0.00000e+00 0.00000e+00
       -1.51773 6.39402e-03 0.00000e+00 0.00000e+00 0.00000e+00 0.00000e+00 0.00000e+00
       -1.51543 6.56690e-03 0.00000e+00 0.00000e+00 0.00000e+00 0.00000e+00 0.00000e+00
       -1.51313 6.73886e-03 0.00000e+00 0.00000e+00 0.00000e+00 0.00000e+00 0.00000e+00
       -1.51083 6.90992e-03 0.00000e+00 0.00000e+00 0.00000e+00 0.00000e+00 0.00000e+00
       -1.50853 7.08410e-03 0.00000e+00 0.00000e+00 0.00000e+00 0.00000e+00 0.00000e+00
       -1.50623 7.33725e-03 0.00000e+00 0.00000e+00 0.00000e+00 0.00000e+00 0.00000e+00
       -1.50393 7.58906e-03 0.00000e+00 0.00000e+00 0.00000e+00 0.00000e+00 0.00000e+00
       -1.50162 7.83954e-03 0.00000e+00 0.00000e+00 0.00000e+00 0.00000e+00 0.00000e+00
       -1.49932 8.08869e-03 0.00000e+00 0.00000e+00 0.00000e+00 0.00000e+00 0.00000e+00
       -1.49702 8.33664e-03 0.00000e+00 0.00000e+00 0.00000e+00 0.00000e+00 0.00000e+00
       -1.49472 8.59024e-03 0.00000e+00 0.00000e+00 0.00000e+00 0.00000e+00 0.00000e+00
       -1.49242 8.96130e-03 0.00000e+00 0.00000e+00 0.00000e+00 0.00000e+00 0.00000e+00
       -1.49012 9.33039e-03 0.00000e+00 0.00000e+00 0.00000e+00 0.00000e+00 0.00000e+00
       -1.48782 9.69754e-03 0.00000e+00 0.00000e+00 0.00000e+00 0.00000e+00 0.00000e+00
       -1.48552 1.00627e-02 0.00000e+00 0.00000e+00 0.00000e+00 0.00000e+00 0.00000e+00
       -1.48322 1.04260e-02 0.00000e+00 0.00000e+00 0.00000e+00 0.00000e+00 0.00000e+00
       -1.48091 1.07874e-02 0.00000e+00 0.00000e+00 0.00000e+00 0.00000e+00 0.00000e+00
       -1.47861 1.11468e-02 0.00000e+00 0.00000e+00 0.00000e+00 0.00000e+00 0.00000e+00
       -1.47631 1.15043e-02 0.00000e+00 0.00000e+00 0.00000e+00 0.00000e+00 0.00000e+00
       -1.47401 1.18599e-02 0.00000e+00 0.00000e+00 0.00000e+00 0.00000e+00 0.00000e+00
       -1.47171 1.22136e-02 0.00000e+00 0.00000e+00 0.00000e+00 0.00000e+00 0.00000e+00
       -1.46941 1.25655e-02 0.00000e+00 0.00000e+00 0.00000e+00 0.00000e+00 0.00000e+00
       -1.46711 1.29155e-02 0.00000e+00 0.00000e+00 0.00000e+00 0.00000e+00 0.00000e+00
       -1.46481 1.32637e-02 0.00000e+00 0.00000e+00 0.00000e+00 0.00000e+00 0.00000e+00
       -1.46251 1.36100e-02 0.00000e+00 0.00000e+00 0.00000e+00 0.00000e+00 0.00000e+00
       -1.46021 1.39546e-02 0.00000e+00 0.00000e+00 0.00000e+00 0.00000e+00 0.00000e+00
       -1.45791 1.42973e-02 0.00000e+00 0.00000e+00 0.00000e+00 0.00000e+00 0.00000e+00
       -1.45560 1.46674e-02 0.00000e+00 0.00000e+00 0.00000e+00 0.00000e+00 0.00000e+00
       -1.45330 1.52112e-02 0.00000e+00 0.00000e+00 0.00000e+00 0.00000e+00 0.00000e+00
       -1.45100 1.57520e-02 0.00000e+00 0.00000e+00 0.00000e+00 0.00000e+00 0.00000e+00
       -1.44870 1.62900e-02 0.00000e+00 0.00000e+00 0.00000e+00 0.00000e+00 0.00000e+00
       -1.44640 1.68251e-02 0.00000e+00 0.00000e+00 0.00000e+00 0.00000e+00 0.00000e+00
       -1.44410 1.73574e-02 0.00000e+00 0.00000e+00 0.00000e+00 0.00000e+00 0.00000e+00
       -1.44180 1.79292e-02 0.00000e+00 0.00000e+00 0.00000e+00 0.00000e+00 0.00000e+00
       -1.43950 1.85069e-02 0.00000e+00 0.00000e+00 0.00000e+00 0.00000e+00 0.00000e+00
       -1.43720 1.90815e-02 0.00000e+00 0.00000e+00 0.00000e+00 0.00000e+00 0.00000e+00
       -1.43490 1.96531e-02 0.00000e+00 0.00000e+00 0.00000e+00 0.00000e+00 0.00000e+00
       -1.43259 2.02216e-02 0.00000e+00 0.00000e+00 0.00000e+00 0.00000e+00 0.00000e+00
       -1.43029 2.07872e-02 0.00000e+00 0.00000e+00 0.00000e+00 0.00000e+00 0.00000e+00
       -1.42799 2.13498e-02 0.00000e+00 0.00000e+00 0.00000e+00 0.00000e+00 0.00000e+00
       -1.42569 2.19094e-02 0.00000e+00 0.00000e+00 0.00000e+00 0.00000e+00 0.00000e+00
       -1.42339 2.24660e-02 0.00000e+00 0.00000e+00 0.00000e+00 0.00000e+00 0.00000e+00
       -1.42109 2.30200e-02 0.00000e+00 0.00000e+00 0.00000e+00 0.00000e+00 0.00000e+00
       -1.41879 2.36146e-02 0.00000e+00 0.00000e+00 0.00000e+00 0.00000e+00 0.00000e+00
       -1.41649 2.42328e-02 0.00000e+00 0.00000e+00 0.00000e+00 0.00000e+00 0.00000e+00
       -1.41419 2.48477e-02 0.00000e+00 0.00000e+00 0.00000e+00 0.00000e+00 0.00000e+00
       -1.41188 2.54594e-02 0.00000e+00 0.00000e+00 0.00000e+00 0.00000e+00 0.00000e+00
       -1.40958 2.60678e-02 0.00000e+00 0.00000e+00 0.00000e+00 0.00000e+00 0.00000e+00
       -1.40728 2.68759e-02 0.00000e+00 0.00000e+00 0.00000e+00 0.00000e+00 0.00000e+00
       -1.40498 2.77591e-02 0.00000e+00 0.00000e+00 0.00000e+00 0.00000e+00 0.00000e+00
       -1.40268 2.86375e-02 0.00000e+00 0.00000e+00 0.00000e+00 0.00000e+00 0.00000e+00
       -1.40038 2.95113e-02 0.00000e+00 0.00000e+00 0.00000e+00 0.00000e+00 0.00000e+00
       -1.39808 3.03805e-02 0.00000e+00 0.00000e+00 0.00000e+00 0.00000e+00 0.00000e+00
       -1.39578 3.12456e-02 0.00000e+00 0.00000e+00 0.00000e+00 0.00000e+00 0.00000e+00
       -1.39348 3.21062e-02 0.00000e+00 0.00000e+00 0.00000e+00 0.00000e+00 0.00000e+00
       -1.39118 3.29622e-02 0.00000e+00 0.00000e+00 0.00000e+00 0.00000e+00 0.00000e+00
       -1.38887 3.38137e-02 0.00000e+00 0.00000e+00 0.00000e+00 0.00000e+00 0.00000e+00
       -1.38657 3.46605e-02 0.00000e+00 0.00000e+00 0.00000e+00 0.00000e+00 0.00000e+00
       -1.38427 3.55025e-02 0.00000e+00 0.00000e+00 0.00000e+00 0.00000e+00 0.00000e+00
       -1.38197 3.63401e-02 0.00000e+00 0.00000e+00 0.00000e+00 0.00000e+00 0.00000e+00
       -1.37967 3.71732e-02 0.00000e+00 0.00000e+00 0.00000e+00 0.00000e+00 0.00000e+00
       -1.37737 3.80019e-02 0.00000e+00 0.00000e+00 0.00000e+00 0.00000e+00 0.00000e+00
       -1.37507 3.90238e-02 0.00000e+00 0.00000e+00 0.00000e+00 0.00000e+00 0.00000e+00
       -1.37277 4.01128e-02 0.00000e+00 0.00000e+00 0.00000e+00 0.00000e+00 0.00000e+00
       -1.37047 4.11960e-02 0.00000e+00 0.00000e+00 0.00000e+00 0.00000e+00 0.00000e+00
       -1.36817 4.22735e-02 0.00000e+00 0.00000e+00 0.00000e+00 0.00000e+00 0.00000e+00
       -1.36586 4.33976e-02 0.00000e+00 0.00000e+00 0.00000e+00 0.00000e+00 0.00000e+00
       -1.36356 4.46436e-02 0.00000e+00 0.00000e+00 0.00000e+00 0.00000e+00 0.00000e+00
       -1.36126 4.58831e-02 0.00000e+00 0.00000e+00 0.00000e+00 0.00000e+00 0.00000e+00
       -1.35896 4.71160e-02 0.00000e+00 0.00000e+00 0.00000e+00 0.00000e+00 0.00000e+00
       -1.35666 4.83424e-02 0.00000e+00 0.00000e+00 0.00000e+00 0.00000e+00 0.00000e+00
       -1.35436 4.95618e-02 0.00000e+00 0.00000e+00 0.00000e+00 0.00000e+00 0.00000e+00
       -1.35206 5.07747e-02 0.00000e+00 0.00000e+00 0.00000e+00 0.00000e+00 0.00000e+00
       -1.34976 5.19812e-02 0.00000e+00 0.00000e+00 0.00000e+00 0.00000e+00 0.00000e+00
       -1.34746 5.31814e-02 0.00000e+00 0.00000e+00 0.00000e+00 0.00000e+00 0.00000e+00
       -1.34515 5.43761e-02 0.00000e+00 0.00000e+00 0.00000e+00 0.00000e+00 0.00000e+00
       -1.34285 5.55641e-02 0.00000e+00 0.00000e+00 0.00000e+00 0.00000e+00 0.00000e+00
       -1.34055 5.67459e-02 0.00000e+00 0.00000e+00 0.00000e+00 0.00000e+00 0.00000e+00
       -1.33825 5.79214e-02 0.00000e+00 0.00000e+00 0.00000e+00 0.00000e+00 0.00000e+00
       -1.33595 5.94653e-02 0.00000e+00 0.00000e+00 0.00000e+00 0.00000e+00 0.00000e+00
       -1.33365 6.12928e-02 0.00000e+00 0.00000e+00 0.00000e+00 0.00000e+00 0.00000e+00
       -1.33135 6.31106e-02 0.00000e+00 0.00000e+00 0.00000e+00 0.00000e+00 0.00000e+00
       -1.32905 6.49188e-02 0.00000e+00 0.00000e+00 0.00000e+00 0.00000e+00 0.00000e+00
       -1.32675 6.67174e-02 0.00000e+00 0.00000e+00 0.00000e+00 0.00000e+00 0.00000e+00
       -1.32445 6.85066e-02 0.00000e+00 0.00000e+00 0.00000e+00 0.00000e+00 0.00000e+00
       -1.32214 7.02863e-02 0.00000e+00 0.00000e+00 0.00000e+00 0.00000e+00 0.00000e+00
       -1.31984 7.20566e-02 0.00000e+00 0.00000e+00 0.00000e+00 0.00000e+00 0.00000e+00
       -1.31754 7.38172e-02 0.00000e+00 0.00000e+00 0.00000e+00 0.00000e+00 0.00000e+00
       -1.31524 7.55683e-02 0.00000e+00 0.00000e+00 0.00000e+00 0.00000e+00 0.00000e+00
       -1.31294 7.73102e-02 0.00000e+00 0.00000e+00 0.00000e+00 0.00000e+00 0.00000e+00
       -1.31064 7.90428e-02 0.00000e+00 0.00000e+00 0.00000e+00 0.00000e+00 0.00000e+00
       -1.30834 8.09301e-02 0.00000e+00 0.00000e+00 0.00000e+00 0.00000e+00 0.00000e+00
       -1.30604 8.29004e-02 0.00000e+00 0.00000e+00 0.00000e+00 0.00000e+00 0.00000e+00
       -1.30374 8.48604e-02 0.00000e+00 0.00000e+00 0.00000e+00 0.00000e+00 0.00000e+00
       -1.30143 8.68099e-02 0.00000e+00 0.00000e+00 0.00000e+00 0.00000e+00 0.00000e+00
       -1.29913 8.90650e-02 0.00000e+00 0.00000e+00 0.00000e+00 0.00000e+00 0.00000e+00
       -1.29683 9.13755e-02 0.00000e+00 0.00000e+00 0.00000e+00 0.00000e+00 0.00000e+00
       -1.29453 9.36737e-02 0.00000e+00 0.00000e+00 0.00000e+00 0.00000e+00 0.00000e+00
       -1.29223 9.59598e-02 0.00000e+00 0.00000e+00 0.00000e+00 0.00000e+00 0.00000e+00
       -1.28993 9.82344e-02 0.00000e+00 0.00000e+00 0.00000e+00 0.00000e+00 0.00000e+00
       -1.28763 1.00497e-01 0.00000e+00 0.00000e+00 0.00000e+00 0.00000e+00 0.00000e+00
       -1.28533 1.02747e-01 0.00000e+00 0.00000e+00 0.00000e+00 0.00000e+00 0.00000e+00
       -1.28303 1.04986e-01 0.00000e+00 0.00000e+00 0.00000e+00 0.00000e+00 0.00000e+00
       -1.28073 1.07213e-01 0.00000e+00 0.00000e+00 0.00000e+00 0.00000e+00 0.00000e+00
       -1.27842 1.09428e-01 0.00000e+00 0.00000e+00 0.00000e+00 0.00000e+00 0.00000e+00
       -1.27612 1.11631e-01 0.00000e+00 0.00000e+00 0.00000e+00 0.00000e+00 0.00000e+00
       -1.27382 1.14493e-01 0.00000e+00 0.00000e+00 0.00000e+00 0.00000e+00 0.00000e+00
       -1.27152 1.17480e-01 0.00000e+00 0.00000e+00 0.00000e+00 0.00000e+00 0.00000e+00
       -1.26922 1.20450e-01 0.00000e+00 0.00000e+00 0.00000e+00 0.00000e+00 0.00000e+00
       -1.26692 1.23468e-01 0.00000e+00 0.00000e+00 0.00000e+00 0.00000e+00 0.00000e+00
       -1.26462 1.26610e-01 0.00000e+00 0.00000e+00 0.00000e+00 0.00000e+00 0.00000e+00
       -1.26232 1.29735e-01 0.00000e+00 0.00000e+00 0.00000e+00 0.00000e+00 0.00000e+00
       -1.26002 1.32844e-01 0.00000e+00 0.00000e+00 0.00000e+00 0.00000e+00 0.00000e+00
       -1.25771 1.35937e-01 0.00000e+00 0.00000e+00 0.00000e+00 0.00000e+00 0.00000e+00
       -1.25541 1.39013e-01 0.00000e+00 0.00000e+00 0.00000e+00 0.00000e+00 0.00000e+00
       -1.25311 1.42073e-01 0.00000e+00 0.00000e+00 0.00000e+00 0.00000e+00 0.00000e+00
       -1.25081 1.45222e-01 0.00000e+00 0.00000e+00 0.00000e+00 0.00000e+00 0.00000e+00
       -1.24851 1.48489e-01 0.00000e+00 0.00000e+00 0.00000e+00 0.00000e+00 0.00000e+00
       -1.24621 1.51739e-01 0.00000e+00 0.00000e+00 0.00000e+00 0.00000e+00 0.00000e+00
       -1.24391 1.55062e-01 0.00000e+00 0.00000e+00 0.00000e+00 0.00000e+00 0.00000e+00
       -1.24161 1.59237e-01 0.00000e+00 0.00000e+00 0.00000e+00 0.00000e+00 0.00000e+00
       -1.23931 1.63390e-01 0.00000e+00 0.00000e+00 0.00000e+00 0.00000e+00 0.00000e+00
       -1.23701 1.67522e-01 0.00000e+00 0.00000e+00 0.00000e+00 0.00000e+00 0.00000e+00
       -1.23470 1.71633e-01 0.00000e+00 0.00000e+00 0.00000e+00 0.00000e+00 0.00000e+00
       -1.23240 1.75723e-01 0.00000e+00 0.00000e+00 0.00000e+00 0.00000e+00 0.00000e+00
       -1.23010 1.79792e-01 0.00000e+00 0.00000e+00 0.00000e+00 0.00000e+00 0.00000e+00
       -1.22780 1.83837e-01 0.00000e+00 0.00000e+00 0.00000e+00 0.00000e+00 0.00000e+00
       -1.22550 1.87859e-01 0.00000e+00 0.00000e+00 0.00000e+00 0.00000e+00 0.00000e+00
       -1.22320 1.91860e-01 0.00000e+00 0.00000e+00 0.00000e+00 0.00000e+00 0.00000e+00
       -1.22090 1.95853e-01 0.00000e+00 0.00000e+00 0.00000e+00 0.00000e+00 0.00000e+00
       -1.21860 1.99844e-01 0.00000e+00 0.00000e+00 0.00000e+00 0.00000e+00 0.00000e+00
       -1.21630 2.03813e-01 0.00000e+00 0.00000e+00 0.00000e+00 0.00000e+00 0.00000e+00
       -1.21400 2.07769e-01 0.00000e+00 0.00000e+00 0.00000e+00 0.00000e+00 0.00000e+00
       -1.21169 2.11723e-01 0.00000e+00 0.00000e+00 0.00000e+00 0.00000e+00 0.00000e+00
       -1.20939 2.15656e-01 0.00000e+00 0.00000e+00 0.00000e+00 0.00000e+00 0.00000e+00
       -1.20709 2.19567e-01 0.00000e+00 0.00000e+00 0.00000e+00 0.00000e+00 0.00000e+00
       -1.20479 2.23453e-01 0.00000e+00 0.00000e+00 0.00000e+00 0.00000e+00 0.00000e+00
       -1.20249 2.27319e-01 0.00000e+00 0.00000e+00 0.00000e+00 0.00000e+00 0.00000e+00
       -1.20019 2.31165e-01 0.00000e+00 0.00000e+00 0.00000e+00 0.00000e+00 0.00000e+00
       -1.19789 2.34995e-01 0.00000e+00 0.00000e+00 0.00000e+00 0.00000e+00 0.00000e+00
       -1.19559 2.38805e-01 0.00000e+00 0.00000e+00 0.00000e+00 0.00000e+00 0.00000e+00
       -1.19329 2.42982e-01 0.00000e+00 0.00000e+00 0.00000e+00 0.00000e+00 0.00000e+00
       -1.19098 2.48422e-01 0.00000e+00 0.00000e+00 0.00000e+00 0.00000e+00 0.00000e+00
       -1.18868 2.53831e-01 0.00000e+00 0.00000e+00 0.00000e+00 0.00000e+00 0.00000e+00
       -1.18638 2.59211e-01 0.00000e+00 0.00000e+00 0.00000e+00 0.00000e+00 0.00000e+00
       -1.18408 2.64563e-01 0.00000e+00 0.00000e+00 0.00000e+00 0.00000e+00 0.00000e+00
       -1.18178 2.69887e-01 0.00000e+00 0.00000e+00 0.00000e+00 0.00000e+00 0.00000e+00
       -1.17948 2.75184e-01 0.00000e+00 0.00000e+00 0.00000e+00 0.00000e+00 0.00000e+00
       -1.17718 2.80457e-01 0.00000e+00 0.00000e+00 0.00000e+00 0.00000e+00 0.00000e+00
       -1.17488 2.85702e-01 0.00000e+00 0.00000e+00 0.00000e+00 0.00000e+00 0.00000e+00
       -1.17258 2.91223e-01 0.00000e+00 0.00000e+00 0.00000e+00 0.00000e+00 0.00000e+00
       -1.17028 2.96929e-01 0.00000e+00 0.00000e+00 0.00000e+00 0.00000e+00 0.00000e+00
       -1.16797 3.02604e-01 0.00000e+00 0.00000e+00 0.00000e+00 0.00000e+00 0.00000e+00
       -1.16567 3.08868e-01 0.00000e+00 0.00000e+00 0.00000e+00 0.00000e+00 0.00000e+00
       -1.16337 3.15263e-01 0.00000e+00 0.00000e+00 0.00000e+00 0.00000e+00 0.00000e+00
       -1.16107 3.21624e-01 0.00000e+00 0.00000e+00 0.00000e+00 0.00000e+00 0.00000e+00
       -1.15877 3.27956e-01 0.00000e+00 0.00000e+00 0.00000e+00 0.00000e+00 0.00000e+00
       -1.15647 3.34255e-01 0.00000e+00 0.00000e+00 0.00000e+00 0.00000e+00 0.00000e+00
       -1.15417 3.40519e-01 0.00000e+00 0.00000e+00 0.00000e+00 0.00000e+00 0.00000e+00
       -1.15187 3.46747e-01 0.00000e+00 0.00000e+00 0.00000e+00 0.00000e+00 0.00000e+00
       -1.14957 3.52941e-01 0.00000e+00 0.00000e+00 0.00000e+00 0.00000e+00 0.00000e+00
       -1.14727 3.59595e-01 0.00000e+00 0.00000e+00 0.00000e+00 0.00000e+00 0.00000e+00
       -1.14497 3.66487e-01 0.00000e+00 0.00000e+00 0.00000e+00 0.00000e+00 0.00000e+00
       -1.14266 3.73344e-01 0.00000e+00 0.00000e+00 0.00000e+00 0.00000e+00 0.00000e+00
       -1.14036 3.80354e-01 0.00000e+00 0.00000e+00 0.00000e+00 0.00000e+00 0.00000e+00
       -1.13806 3.87328e-01 0.00000e+00 0.00000e+00 0.00000e+00 0.00000e+00 0.00000e+00
       -1.13576 3.94264e-01 0.00000e+00 0.00000e+00 0.00000e+00 0.00000e+00 0.00000e+00
       -1.13346 4.01164e-01 0.00000e+00 0.00000e+00 0.00000e+00 0.00000e+00 0.00000e+00
       -1.13116 4.08027e-01 0.00000e+00 0.00000e+00 0.00000e+00 0.00000e+00 0.00000e+00
       -1.12886 4.15258e-01 0.00000e+00 0.00000e+00 0.00000e+00 0.00000e+00 0.00000e+00
       -1.12656 4.22533e-01 0.00000e+00 0.00000e+00 0.00000e+00 0.00000e+00 0.00000e+00
       -1.12426 4.30349e-01 0.00000e+00 0.00000e+00 0.00000e+00 0.00000e+00 0.00000e+00
       -1.12196 4.39495e-01 0.00000e+00 0.00000e+00 0.00000e+00 0.00000e+00 0.00000e+00
       -1.11965 4.48592e-01 0.00000e+00 0.00000e+00 0.00000e+00 0.00000e+00 0.00000e+00
       -1.11735 4.57640e-01 0.00000e+00 0.00000e+00 0.00000e+00 0.00000e+00 0.00000e+00
       -1.11505 4.66645e-01 0.00000e+00 0.00000e+00 0.00000e+00 0.00000e+00 0.00000e+00
       -1.11275 4.75600e-01 0.00000e+00 0.00000e+00 0.00000e+00 0.00000e+00 0.00000e+00
       -1.11045 4.84512e-01 0.00000e+00 0.00000e+00 0.00000e+00 0.00000e+00 0.00000e+00
       -1.10815 4.93376e-01 0.00000e+00 0.00000e+00 0.00000e+00 0.00000e+00 0.00000e+00
       -1.10585 5.02581e-01 0.00000e+00 0.00000e+00 0.00000e+00 0.00000e+00 0.00000e+00
       -1.10355 5.11783e-01 0.00000e+00 0.00000e+00 0.00000e+00 0.00000e+00 0.00000e+00
       -1.10125 5.21082e-01 0.00000e+00 0.00000e+00 0.00000e+00 0.00000e+00 0.00000e+00
       -1.09894 5.30482e-01 0.00000e+00 0.00000e+00 0.00000e+00 0.00000e+00 0.00000e+00
       -1.09664 5.39833e-01 0.00000e+00 0.00000e+00 0.00000e+00 0.00000e+00 0.00000e+00
       -1.09434 5.49134e-01 0.00000e+00 0.00000e+00 0.00000e+00 0.00000e+00 0.00000e+00
       -1.09204 5.58386e-01 0.00000e+00 0.00000e+00 0.00000e+00 0.00000e+00 0.00000e+00
       -1.08974 5.67589e-01 0.00000e+00 0.00000e+00 0.00000e+00 0.00000e+00 0.00000e+00
       -1.08744 5.76743e-01 0.00000e+00 0.00000e+00 0.00000e+00 0.00000e+00 0.00000e+00
       -1.08514 5.86587e-01 0.00000e+00 0.00000e+00 0.00000e+00 0.00000e+00 0.00000e+00
       -1.08284 5.97258e-01 0.00000e+00 0.00000e+00 0.00000e+00 0.00000e+00 0.00000e+00
       -1.08054 6.07872e-01 0.00000e+00 0.00000e+00 0.00000e+00 0.00000e+00 0.00000e+00
       -1.07824 6.18425e-01 0.00000e+00 0.00000e+00 0.00000e+00 0.00000e+00 0.00000e+00
       -1.07593 6.28923e-01 0.00000e+00 0.00000e+00 0.00000e+00 0.00000e+00 0.00000e+00
       -1.07363 6.39369e-01 0.00000e+00 0.00000e+00 0.00000e+00 0.00000e+00 0.00000e+00
       -1.07133 6.49762e-01 0.00000e+00 0.00000e+00 0.00000e+00 0.00000e+00 0.00000e+00
       -1.06903 6.60541e-01 0.00000e+00 0.00000e+00 0.00000e+00 0.00000e+00 0.00000e+00
       -1.06673 6.71476e-01 0.00000e+00 0.00000e+00 0.00000e+00 0.00000e+00 0.00000e+00
       -1.06443 6.82813e-01 0.00000e+00 0.00000e+00 0.00000e+00 0.00000e+00 0.00000e+00
       -1.06213 6.94613e-01 0.00000e+00 0.00000e+00 0.00000e+00 0.00000e+00 0.00000e+00
       -1.05983 7.06353e-01 0.00000e+00 0.00000e+00 0.00000e+00 0.00000e+00 0.00000e+00
       -1.05753 7.18035e-01 0.00000e+00 0.00000e+00 0.00000e+00 0.00000e+00 0.00000e+00
       -1.05523 7.29655e-01 0.00000e+00 0.00000e+00 0.00000e+00 0.00000e+00 0.00000e+00
       -1.05292 7.41213e-01 0.00000e+00 0.00000e+00 0.00000e+00 0.00000e+00 0.00000e+00
       -1.05062 7.52710e-01 0.00000e+00 0.00000e+00 0.00000e+00 0.00000e+00 0.00000e+00
       -1.04832 7.65450e-01 0.00000e+00 0.00000e+00 0.00000e+00 0.00000e+00 0.00000e+00
       -1.04602 7.78130e-01 0.00000e+00 0.00000e+00 0.00000e+00 0.00000e+00 0.00000e+00
       -1.04372 7.91038e-01 0.00000e+00 0.00000e+00 0.00000e+00 0.00000e+00 0.00000e+00
       -1.04142 8.03915e-01 0.00000e+00 0.00000e+00 0.00000e+00 0.00000e+00 0.00000e+00
       -1.03912 8.16725e-01 0.00000e+00 0.00000e+00 0.00000e+00 0.00000e+00 0.00000e+00
       -1.03682 8.29472e-01 0.00000e+00 0.00000e+00 0.00000e+00 0.00000e+00 0.00000e+00
       -1.03452 8.42353e-01 0.00000e+00 0.00000e+00 0.00000e+00 0.00000e+00 0.00000e+00
       -1.03221 8.55239e-01 0.00000e+00 0.00000e+00 0.00000e+00 0.00000e+00 0.00000e+00
       -1.02991 8.68843e-01 0.00000e+00 0.00000e+00 0.00000e+00 0.00000e+00 0.00000e+00
       -1.02761 8.82715e-01 0.00000e+00 0.00000e+00 0.00000e+00 0.00000e+00 0.00000e+00
       -1.02531 8.96517e-01 0.00000e+00 0.00000e+00 0.00000e+00 0.00000e+00 0.00000e+00
       -1.02301 9.10248e-01 0.00000e+00 0.00000e+00 0.00000e+00 0.00000e+00 0.00000e+00
       -1.02071 9.23903e-01 0.00000e+00 0.00000e+00 0.00000e+00 0.00000e+00 0.00000e+00
       -1.01841 9.37484e-01 0.00000e+00 0.00000e+00 0.00000e+00 0.00000e+00 0.00000e+00
       -1.01611 9.51519e-01 0.00000e+00 0.00000e+00 0.00000e+00 0.00000e+00 0.00000e+00
       -1.01381 9.65699e-01 0.00000e+00 0.00000e+00 0.00000e+00 0.00000e+00 0.00000e+00
       -1.01151 9.80168e-01 0.00000e+00 0.00000e+00 0.00000e+00 0.00000e+00 0.00000e+00
       -1.00920 9.94683e-01 0.00000e+00 0.00000e+00 0.00000e+00 0.00000e+00 0.00000e+00
       -1.00690 1.00912e+00 0.00000e+00 0.00000e+00 0.00000e+00 0.00000e+00 0.00000e+00
       -1.00460 1.02347e+00 0.00000e+00 0.00000e+00 0.00000e+00 0.00000e+00 0.00000e+00
       -1.00230 1.03777e+00 0.00000e+00 0.00000e+00 0.00000e+00 0.00000e+00 0.00000e+00
       -1.00000 1.05200e+00 0.00000e+00 0.00000e+00 0.00000e+00 0.00000e+00 0.00000e+00
