# log(energy in GeV)  nu_e      nu_mu      nu_tau      nu_e_bar  nu_mu_bar  nu_tau_bar #

       -3.30103 0.00000e+00 0.00000e+00 0.00000e+00 0.00000e+00 0.00000e+00 0.00000e+00
       -3.29873 0.00000e+00 0.00000e+00 0.00000e+00 0.00000e+00 0.00000e+00 0.00000e+00
       -3.29643 0.00000e+00 0.00000e+00 0.00000e+00 0.00000e+00 0.00000e+00 0.00000e+00
       -3.29413 0.00000e+00 0.00000e+00 0.00000e+00 0.00000e+00 0.00000e+00 0.00000e+00
       -3.29183 0.00000e+00 0.00000e+00 0.00000e+00 0.00000e+00 0.00000e+00 0.00000e+00
       -3.28952 0.00000e+00 0.00000e+00 0.00000e+00 0.00000e+00 0.00000e+00 0.00000e+00
       -3.28722 0.00000e+00 0.00000e+00 0.00000e+00 0.00000e+00 0.00000e+00 0.00000e+00
       -3.28492 0.00000e+00 0.00000e+00 0.00000e+00 0.00000e+00 0.00000e+00 0.00000e+00
       -3.28262 0.00000e+00 0.00000e+00 0.00000e+00 0.00000e+00 0.00000e+00 0.00000e+00
       -3.28032 0.00000e+00 0.00000e+00 0.00000e+00 0.00000e+00 0.00000e+00 0.00000e+00
       -3.27802 0.00000e+00 0.00000e+00 0.00000e+00 0.00000e+00 0.00000e+00 0.00000e+00
       -3.27572 0.00000e+00 0.00000e+00 0.00000e+00 0.00000e+00 0.00000e+00 0.00000e+00
       -3.27342 0.00000e+00 0.00000e+00 0.00000e+00 0.00000e+00 0.00000e+00 0.00000e+00
       -3.27112 0.00000e+00 0.00000e+00 0.00000e+00 0.00000e+00 0.00000e+00 0.00000e+00
       -3.26882 0.00000e+00 0.00000e+00 0.00000e+00 0.00000e+00 0.00000e+00 0.00000e+00
       -3.26652 0.00000e+00 0.00000e+00 0.00000e+00 0.00000e+00 0.00000e+00 0.00000e+00
       -3.26421 0.00000e+00 0.00000e+00 0.00000e+00 0.00000e+00 0.00000e+00 0.00000e+00
       -3.26191 0.00000e+00 0.00000e+00 0.00000e+00 0.00000e+00 0.00000e+00 0.00000e+00
       -3.25961 0.00000e+00 0.00000e+00 0.00000e+00 0.00000e+00 0.00000e+00 0.00000e+00
       -3.25731 0.00000e+00 0.00000e+00 0.00000e+00 0.00000e+00 0.00000e+00 0.00000e+00
       -3.25501 0.00000e+00 0.00000e+00 0.00000e+00 0.00000e+00 0.00000e+00 0.00000e+00
       -3.25271 0.00000e+00 0.00000e+00 0.00000e+00 0.00000e+00 0.00000e+00 0.00000e+00
       -3.25041 0.00000e+00 0.00000e+00 0.00000e+00 0.00000e+00 0.00000e+00 0.00000e+00
       -3.24811 0.00000e+00 0.00000e+00 0.00000e+00 0.00000e+00 0.00000e+00 0.00000e+00
       -3.24580 0.00000e+00 0.00000e+00 0.00000e+00 0.00000e+00 0.00000e+00 0.00000e+00
       -3.24350 0.00000e+00 0.00000e+00 0.00000e+00 0.00000e+00 0.00000e+00 0.00000e+00
       -3.24120 0.00000e+00 0.00000e+00 0.00000e+00 0.00000e+00 0.00000e+00 0.00000e+00
       -3.23890 0.00000e+00 0.00000e+00 0.00000e+00 0.00000e+00 0.00000e+00 0.00000e+00
       -3.23660 0.00000e+00 0.00000e+00 0.00000e+00 0.00000e+00 0.00000e+00 0.00000e+00
       -3.23430 0.00000e+00 0.00000e+00 0.00000e+00 0.00000e+00 0.00000e+00 0.00000e+00
       -3.23200 0.00000e+00 0.00000e+00 0.00000e+00 0.00000e+00 0.00000e+00 0.00000e+00
       -3.22970 0.00000e+00 0.00000e+00 0.00000e+00 0.00000e+00 0.00000e+00 0.00000e+00
       -3.22740 0.00000e+00 0.00000e+00 0.00000e+00 0.00000e+00 0.00000e+00 0.00000e+00
       -3.22510 0.00000e+00 0.00000e+00 0.00000e+00 0.00000e+00 0.00000e+00 0.00000e+00
       -3.22280 0.00000e+00 0.00000e+00 0.00000e+00 0.00000e+00 0.00000e+00 0.00000e+00
       -3.22049 0.00000e+00 0.00000e+00 0.00000e+00 0.00000e+00 0.00000e+00 0.00000e+00
       -3.21819 0.00000e+00 0.00000e+00 0.00000e+00 0.00000e+00 0.00000e+00 0.00000e+00
       -3.21589 0.00000e+00 0.00000e+00 0.00000e+00 0.00000e+00 0.00000e+00 0.00000e+00
       -3.21359 0.00000e+00 0.00000e+00 0.00000e+00 0.00000e+00 0.00000e+00 0.00000e+00
       -3.21129 0.00000e+00 0.00000e+00 0.00000e+00 0.00000e+00 0.00000e+00 0.00000e+00
       -3.20899 0.00000e+00 0.00000e+00 0.00000e+00 0.00000e+00 0.00000e+00 0.00000e+00
       -3.20669 0.00000e+00 0.00000e+00 0.00000e+00 0.00000e+00 0.00000e+00 0.00000e+00
       -3.20439 0.00000e+00 0.00000e+00 0.00000e+00 0.00000e+00 0.00000e+00 0.00000e+00
       -3.20209 0.00000e+00 0.00000e+00 0.00000e+00 0.00000e+00 0.00000e+00 0.00000e+00
       -3.19978 0.00000e+00 0.00000e+00 0.00000e+00 0.00000e+00 0.00000e+00 0.00000e+00
       -3.19748 0.00000e+00 0.00000e+00 0.00000e+00 0.00000e+00 0.00000e+00 0.00000e+00
       -3.19518 0.00000e+00 0.00000e+00 0.00000e+00 0.00000e+00 0.00000e+00 0.00000e+00
       -3.19288 0.00000e+00 0.00000e+00 0.00000e+00 0.00000e+00 0.00000e+00 0.00000e+00
       -3.19058 0.00000e+00 0.00000e+00 0.00000e+00 0.00000e+00 0.00000e+00 0.00000e+00
       -3.18828 0.00000e+00 0.00000e+00 0.00000e+00 0.00000e+00 0.00000e+00 0.00000e+00
       -3.18598 0.00000e+00 0.00000e+00 0.00000e+00 0.00000e+00 0.00000e+00 0.00000e+00
       -3.18368 0.00000e+00 0.00000e+00 0.00000e+00 0.00000e+00 0.00000e+00 0.00000e+00
       -3.18138 0.00000e+00 0.00000e+00 0.00000e+00 0.00000e+00 0.00000e+00 0.00000e+00
       -3.17908 0.00000e+00 0.00000e+00 0.00000e+00 0.00000e+00 0.00000e+00 0.00000e+00
       -3.17677 0.00000e+00 0.00000e+00 0.00000e+00 0.00000e+00 0.00000e+00 0.00000e+00
       -3.17447 0.00000e+00 0.00000e+00 0.00000e+00 0.00000e+00 0.00000e+00 0.00000e+00
       -3.17217 0.00000e+00 0.00000e+00 0.00000e+00 0.00000e+00 0.00000e+00 0.00000e+00
       -3.16987 0.00000e+00 0.00000e+00 0.00000e+00 0.00000e+00 0.00000e+00 0.00000e+00
       -3.16757 0.00000e+00 0.00000e+00 0.00000e+00 0.00000e+00 0.00000e+00 0.00000e+00
       -3.16527 0.00000e+00 0.00000e+00 0.00000e+00 0.00000e+00 0.00000e+00 0.00000e+00
       -3.16297 0.00000e+00 0.00000e+00 0.00000e+00 0.00000e+00 0.00000e+00 0.00000e+00
       -3.16067 0.00000e+00 0.00000e+00 0.00000e+00 0.00000e+00 0.00000e+00 0.00000e+00
       -3.15837 0.00000e+00 0.00000e+00 0.00000e+00 0.00000e+00 0.00000e+00 0.00000e+00
       -3.15606 0.00000e+00 0.00000e+00 0.00000e+00 0.00000e+00 0.00000e+00 0.00000e+00
       -3.15376 0.00000e+00 0.00000e+00 0.00000e+00 0.00000e+00 0.00000e+00 0.00000e+00
       -3.15146 0.00000e+00 0.00000e+00 0.00000e+00 0.00000e+00 0.00000e+00 0.00000e+00
       -3.14916 0.00000e+00 0.00000e+00 0.00000e+00 0.00000e+00 0.00000e+00 0.00000e+00
       -3.14686 0.00000e+00 0.00000e+00 0.00000e+00 0.00000e+00 0.00000e+00 0.00000e+00
       -3.14456 0.00000e+00 0.00000e+00 0.00000e+00 0.00000e+00 0.00000e+00 0.00000e+00
       -3.14226 0.00000e+00 0.00000e+00 0.00000e+00 0.00000e+00 0.00000e+00 0.00000e+00
       -3.13996 0.00000e+00 0.00000e+00 0.00000e+00 0.00000e+00 0.00000e+00 0.00000e+00
       -3.13766 0.00000e+00 0.00000e+00 0.00000e+00 0.00000e+00 0.00000e+00 0.00000e+00
       -3.13536 0.00000e+00 0.00000e+00 0.00000e+00 0.00000e+00 0.00000e+00 0.00000e+00
       -3.13306 0.00000e+00 0.00000e+00 0.00000e+00 0.00000e+00 0.00000e+00 0.00000e+00
       -3.13075 0.00000e+00 0.00000e+00 0.00000e+00 0.00000e+00 0.00000e+00 0.00000e+00
       -3.12845 0.00000e+00 0.00000e+00 0.00000e+00 0.00000e+00 0.00000e+00 0.00000e+00
       -3.12615 0.00000e+00 0.00000e+00 0.00000e+00 0.00000e+00 0.00000e+00 0.00000e+00
       -3.12385 0.00000e+00 0.00000e+00 0.00000e+00 0.00000e+00 0.00000e+00 0.00000e+00
       -3.12155 0.00000e+00 0.00000e+00 0.00000e+00 0.00000e+00 0.00000e+00 0.00000e+00
       -3.11925 0.00000e+00 0.00000e+00 0.00000e+00 0.00000e+00 0.00000e+00 0.00000e+00
       -3.11695 0.00000e+00 0.00000e+00 0.00000e+00 0.00000e+00 0.00000e+00 0.00000e+00
       -3.11465 0.00000e+00 0.00000e+00 0.00000e+00 0.00000e+00 0.00000e+00 0.00000e+00
       -3.11235 0.00000e+00 0.00000e+00 0.00000e+00 0.00000e+00 0.00000e+00 0.00000e+00
       -3.11004 0.00000e+00 0.00000e+00 0.00000e+00 0.00000e+00 0.00000e+00 0.00000e+00
       -3.10774 0.00000e+00 0.00000e+00 0.00000e+00 0.00000e+00 0.00000e+00 0.00000e+00
       -3.10544 0.00000e+00 0.00000e+00 0.00000e+00 0.00000e+00 0.00000e+00 0.00000e+00
       -3.10314 0.00000e+00 0.00000e+00 0.00000e+00 0.00000e+00 0.00000e+00 0.00000e+00
       -3.10084 0.00000e+00 0.00000e+00 0.00000e+00 0.00000e+00 0.00000e+00 0.00000e+00
       -3.09854 0.00000e+00 0.00000e+00 0.00000e+00 0.00000e+00 0.00000e+00 0.00000e+00
       -3.09624 0.00000e+00 0.00000e+00 0.00000e+00 0.00000e+00 0.00000e+00 0.00000e+00
       -3.09394 0.00000e+00 0.00000e+00 0.00000e+00 0.00000e+00 0.00000e+00 0.00000e+00
       -3.09164 0.00000e+00 0.00000e+00 0.00000e+00 0.00000e+00 0.00000e+00 0.00000e+00
       -3.08934 0.00000e+00 0.00000e+00 0.00000e+00 0.00000e+00 0.00000e+00 0.00000e+00
       -3.08703 0.00000e+00 0.00000e+00 0.00000e+00 0.00000e+00 0.00000e+00 0.00000e+00
       -3.08473 0.00000e+00 0.00000e+00 0.00000e+00 0.00000e+00 0.00000e+00 0.00000e+00
       -3.08243 0.00000e+00 0.00000e+00 0.00000e+00 0.00000e+00 0.00000e+00 0.00000e+00
       -3.08013 0.00000e+00 0.00000e+00 0.00000e+00 0.00000e+00 0.00000e+00 0.00000e+00
       -3.07783 0.00000e+00 0.00000e+00 0.00000e+00 0.00000e+00 0.00000e+00 0.00000e+00
       -3.07553 0.00000e+00 0.00000e+00 0.00000e+00 0.00000e+00 0.00000e+00 0.00000e+00
       -3.07323 0.00000e+00 0.00000e+00 0.00000e+00 0.00000e+00 0.00000e+00 0.00000e+00
       -3.07093 0.00000e+00 0.00000e+00 0.00000e+00 0.00000e+00 0.00000e+00 0.00000e+00
       -3.06863 0.00000e+00 0.00000e+00 0.00000e+00 0.00000e+00 0.00000e+00 0.00000e+00
       -3.06632 0.00000e+00 0.00000e+00 0.00000e+00 0.00000e+00 0.00000e+00 0.00000e+00
       -3.06402 0.00000e+00 0.00000e+00 0.00000e+00 0.00000e+00 0.00000e+00 0.00000e+00
       -3.06172 0.00000e+00 0.00000e+00 0.00000e+00 0.00000e+00 0.00000e+00 0.00000e+00
       -3.05942 0.00000e+00 0.00000e+00 0.00000e+00 0.00000e+00 0.00000e+00 0.00000e+00
       -3.05712 0.00000e+00 0.00000e+00 0.00000e+00 0.00000e+00 0.00000e+00 0.00000e+00
       -3.05482 0.00000e+00 0.00000e+00 0.00000e+00 0.00000e+00 0.00000e+00 0.00000e+00
       -3.05252 0.00000e+00 0.00000e+00 0.00000e+00 0.00000e+00 0.00000e+00 0.00000e+00
       -3.05022 0.00000e+00 0.00000e+00 0.00000e+00 0.00000e+00 0.00000e+00 0.00000e+00
       -3.04792 0.00000e+00 0.00000e+00 0.00000e+00 0.00000e+00 0.00000e+00 0.00000e+00
       -3.04562 0.00000e+00 0.00000e+00 0.00000e+00 0.00000e+00 0.00000e+00 0.00000e+00
       -3.04332 0.00000e+00 0.00000e+00 0.00000e+00 0.00000e+00 0.00000e+00 0.00000e+00
       -3.04101 0.00000e+00 0.00000e+00 0.00000e+00 0.00000e+00 0.00000e+00 0.00000e+00
       -3.03871 0.00000e+00 0.00000e+00 0.00000e+00 0.00000e+00 0.00000e+00 0.00000e+00
       -3.03641 0.00000e+00 0.00000e+00 0.00000e+00 0.00000e+00 0.00000e+00 0.00000e+00
       -3.03411 0.00000e+00 0.00000e+00 0.00000e+00 0.00000e+00 0.00000e+00 0.00000e+00
       -3.03181 0.00000e+00 0.00000e+00 0.00000e+00 0.00000e+00 0.00000e+00 0.00000e+00
       -3.02951 0.00000e+00 0.00000e+00 0.00000e+00 0.00000e+00 0.00000e+00 0.00000e+00
       -3.02721 0.00000e+00 0.00000e+00 0.00000e+00 0.00000e+00 0.00000e+00 0.00000e+00
       -3.02491 0.00000e+00 0.00000e+00 0.00000e+00 0.00000e+00 0.00000e+00 0.00000e+00
       -3.02260 0.00000e+00 0.00000e+00 0.00000e+00 0.00000e+00 0.00000e+00 0.00000e+00
       -3.02030 0.00000e+00 0.00000e+00 0.00000e+00 0.00000e+00 0.00000e+00 0.00000e+00
       -3.01800 0.00000e+00 0.00000e+00 0.00000e+00 0.00000e+00 0.00000e+00 0.00000e+00
       -3.01570 0.00000e+00 0.00000e+00 0.00000e+00 0.00000e+00 0.00000e+00 0.00000e+00
       -3.01340 0.00000e+00 0.00000e+00 0.00000e+00 0.00000e+00 0.00000e+00 0.00000e+00
       -3.01110 0.00000e+00 0.00000e+00 0.00000e+00 0.00000e+00 0.00000e+00 0.00000e+00
       -3.00880 0.00000e+00 0.00000e+00 0.00000e+00 0.00000e+00 0.00000e+00 0.00000e+00
       -3.00650 0.00000e+00 0.00000e+00 0.00000e+00 0.00000e+00 0.00000e+00 0.00000e+00
       -3.00420 0.00000e+00 0.00000e+00 0.00000e+00 0.00000e+00 0.00000e+00 0.00000e+00
       -3.00190 0.00000e+00 0.00000e+00 0.00000e+00 0.00000e+00 0.00000e+00 0.00000e+00
       -2.99959 0.00000e+00 0.00000e+00 0.00000e+00 5.84303e-09 0.00000e+00 0.00000e+00
       -2.99729 0.00000e+00 0.00000e+00 0.00000e+00 2.03679e-08 0.00000e+00 0.00000e+00
       -2.99499 0.00000e+00 0.00000e+00 0.00000e+00 3.77778e-08 0.00000e+00 0.00000e+00
       -2.99269 0.00000e+00 0.00000e+00 0.00000e+00 5.52801e-08 0.00000e+00 0.00000e+00
       -2.99039 0.00000e+00 0.00000e+00 0.00000e+00 7.28755e-08 0.00000e+00 0.00000e+00
       -2.98809 0.00000e+00 0.00000e+00 0.00000e+00 9.05643e-08 0.00000e+00 0.00000e+00
       -2.98579 0.00000e+00 0.00000e+00 0.00000e+00 1.08347e-07 0.00000e+00 0.00000e+00
       -2.98349 0.00000e+00 0.00000e+00 0.00000e+00 1.26224e-07 0.00000e+00 0.00000e+00
       -2.98119 0.00000e+00 0.00000e+00 0.00000e+00 1.44196e-07 0.00000e+00 0.00000e+00
       -2.97889 0.00000e+00 0.00000e+00 0.00000e+00 1.62264e-07 0.00000e+00 0.00000e+00
       -2.97659 0.00000e+00 0.00000e+00 0.00000e+00 1.80428e-07 0.00000e+00 0.00000e+00
       -2.97428 0.00000e+00 0.00000e+00 0.00000e+00 1.98688e-07 0.00000e+00 0.00000e+00
       -2.97198 0.00000e+00 0.00000e+00 0.00000e+00 2.17045e-07 0.00000e+00 0.00000e+00
       -2.96968 0.00000e+00 0.00000e+00 0.00000e+00 2.35500e-07 0.00000e+00 0.00000e+00
       -2.96738 0.00000e+00 0.00000e+00 0.00000e+00 2.54052e-07 0.00000e+00 0.00000e+00
       -2.96508 0.00000e+00 0.00000e+00 0.00000e+00 2.72704e-07 0.00000e+00 0.00000e+00
       -2.96278 0.00000e+00 0.00000e+00 0.00000e+00 2.91454e-07 0.00000e+00 0.00000e+00
       -2.96048 0.00000e+00 0.00000e+00 0.00000e+00 3.10304e-07 0.00000e+00 0.00000e+00
       -2.95818 0.00000e+00 0.00000e+00 0.00000e+00 3.29256e-07 0.00000e+00 0.00000e+00
       -2.95587 0.00000e+00 0.00000e+00 0.00000e+00 3.48311e-07 0.00000e+00 0.00000e+00
       -2.95357 0.00000e+00 0.00000e+00 0.00000e+00 3.67465e-07 0.00000e+00 0.00000e+00
       -2.95127 0.00000e+00 0.00000e+00 0.00000e+00 3.86719e-07 0.00000e+00 0.00000e+00
       -2.94897 0.00000e+00 0.00000e+00 0.00000e+00 4.06075e-07 0.00000e+00 0.00000e+00
       -2.94667 0.00000e+00 0.00000e+00 0.00000e+00 4.25534e-07 0.00000e+00 0.00000e+00
       -2.94437 0.00000e+00 0.00000e+00 0.00000e+00 4.45096e-07 0.00000e+00 0.00000e+00
       -2.94207 0.00000e+00 0.00000e+00 0.00000e+00 4.64762e-07 0.00000e+00 0.00000e+00
       -2.93977 0.00000e+00 0.00000e+00 0.00000e+00 4.84533e-07 0.00000e+00 0.00000e+00
       -2.93747 0.00000e+00 0.00000e+00 0.00000e+00 5.04408e-07 0.00000e+00 0.00000e+00
       -2.93517 0.00000e+00 0.00000e+00 0.00000e+00 5.24390e-07 0.00000e+00 0.00000e+00
       -2.93287 0.00000e+00 0.00000e+00 0.00000e+00 5.44477e-07 0.00000e+00 0.00000e+00
       -2.93056 0.00000e+00 0.00000e+00 0.00000e+00 5.64671e-07 0.00000e+00 0.00000e+00
       -2.92826 0.00000e+00 0.00000e+00 0.00000e+00 5.84973e-07 0.00000e+00 0.00000e+00
       -2.92596 0.00000e+00 0.00000e+00 0.00000e+00 6.05382e-07 0.00000e+00 0.00000e+00
       -2.92366 0.00000e+00 0.00000e+00 0.00000e+00 6.25899e-07 0.00000e+00 0.00000e+00
       -2.92136 0.00000e+00 0.00000e+00 0.00000e+00 6.46526e-07 0.00000e+00 0.00000e+00
       -2.91906 0.00000e+00 0.00000e+00 0.00000e+00 6.67262e-07 0.00000e+00 0.00000e+00
       -2.91676 0.00000e+00 0.00000e+00 0.00000e+00 6.88109e-07 0.00000e+00 0.00000e+00
       -2.91446 0.00000e+00 0.00000e+00 0.00000e+00 7.09066e-07 0.00000e+00 0.00000e+00
       -2.91216 0.00000e+00 0.00000e+00 0.00000e+00 7.30134e-07 0.00000e+00 0.00000e+00
       -2.90985 0.00000e+00 0.00000e+00 0.00000e+00 7.51314e-07 0.00000e+00 0.00000e+00
       -2.90755 0.00000e+00 0.00000e+00 0.00000e+00 7.72607e-07 0.00000e+00 0.00000e+00
       -2.90525 0.00000e+00 0.00000e+00 0.00000e+00 7.94013e-07 0.00000e+00 0.00000e+00
       -2.90295 0.00000e+00 0.00000e+00 0.00000e+00 8.15533e-07 0.00000e+00 0.00000e+00
       -2.90065 0.00000e+00 0.00000e+00 0.00000e+00 8.37167e-07 0.00000e+00 0.00000e+00
       -2.89835 0.00000e+00 0.00000e+00 0.00000e+00 8.58916e-07 0.00000e+00 0.00000e+00
       -2.89605 0.00000e+00 0.00000e+00 0.00000e+00 8.80780e-07 0.00000e+00 0.00000e+00
       -2.89375 0.00000e+00 0.00000e+00 0.00000e+00 9.02761e-07 0.00000e+00 0.00000e+00
       -2.89145 0.00000e+00 0.00000e+00 0.00000e+00 9.24858e-07 0.00000e+00 0.00000e+00
       -2.88915 0.00000e+00 0.00000e+00 0.00000e+00 9.47073e-07 0.00000e+00 0.00000e+00
       -2.88685 0.00000e+00 0.00000e+00 0.00000e+00 9.69406e-07 0.00000e+00 0.00000e+00
       -2.88454 0.00000e+00 0.00000e+00 0.00000e+00 9.91858e-07 0.00000e+00 0.00000e+00
       -2.88224 0.00000e+00 0.00000e+00 0.00000e+00 1.01443e-06 0.00000e+00 0.00000e+00
       -2.87994 0.00000e+00 0.00000e+00 0.00000e+00 1.03712e-06 0.00000e+00 0.00000e+00
       -2.87764 0.00000e+00 0.00000e+00 0.00000e+00 1.05994e-06 0.00000e+00 0.00000e+00
       -2.87534 0.00000e+00 0.00000e+00 0.00000e+00 1.08287e-06 0.00000e+00 0.00000e+00
       -2.87304 0.00000e+00 0.00000e+00 0.00000e+00 1.10593e-06 0.00000e+00 0.00000e+00
       -2.87074 0.00000e+00 0.00000e+00 0.00000e+00 1.12910e-06 0.00000e+00 0.00000e+00
       -2.86844 0.00000e+00 0.00000e+00 0.00000e+00 1.15240e-06 0.00000e+00 0.00000e+00
       -2.86613 0.00000e+00 0.00000e+00 0.00000e+00 1.17583e-06 0.00000e+00 0.00000e+00
       -2.86383 0.00000e+00 0.00000e+00 0.00000e+00 1.19937e-06 0.00000e+00 0.00000e+00
       -2.86153 0.00000e+00 0.00000e+00 0.00000e+00 1.22305e-06 0.00000e+00 0.00000e+00
       -2.85923 0.00000e+00 0.00000e+00 0.00000e+00 1.24685e-06 0.00000e+00 0.00000e+00
       -2.85693 0.00000e+00 0.00000e+00 0.00000e+00 1.27077e-06 0.00000e+00 0.00000e+00
       -2.85463 0.00000e+00 0.00000e+00 0.00000e+00 1.29482e-06 0.00000e+00 0.00000e+00
       -2.85233 0.00000e+00 0.00000e+00 0.00000e+00 1.31900e-06 0.00000e+00 0.00000e+00
       -2.85003 0.00000e+00 0.00000e+00 0.00000e+00 1.34331e-06 0.00000e+00 0.00000e+00
       -2.84773 0.00000e+00 0.00000e+00 0.00000e+00 1.36775e-06 0.00000e+00 0.00000e+00
       -2.84543 0.00000e+00 0.00000e+00 0.00000e+00 1.39232e-06 0.00000e+00 0.00000e+00
       -2.84313 0.00000e+00 0.00000e+00 0.00000e+00 1.41702e-06 0.00000e+00 0.00000e+00
       -2.84082 0.00000e+00 0.00000e+00 0.00000e+00 1.44185e-06 0.00000e+00 0.00000e+00
       -2.83852 0.00000e+00 0.00000e+00 0.00000e+00 1.46681e-06 0.00000e+00 0.00000e+00
       -2.83622 0.00000e+00 0.00000e+00 0.00000e+00 1.49190e-06 0.00000e+00 0.00000e+00
       -2.83392 0.00000e+00 0.00000e+00 0.00000e+00 1.51713e-06 0.00000e+00 0.00000e+00
       -2.83162 0.00000e+00 0.00000e+00 0.00000e+00 1.54249e-06 0.00000e+00 0.00000e+00
       -2.82932 0.00000e+00 0.00000e+00 0.00000e+00 1.56798e-06 0.00000e+00 0.00000e+00
       -2.82702 0.00000e+00 0.00000e+00 0.00000e+00 1.59362e-06 0.00000e+00 0.00000e+00
       -2.82472 0.00000e+00 0.00000e+00 0.00000e+00 1.61938e-06 0.00000e+00 0.00000e+00
       -2.82242 0.00000e+00 0.00000e+00 0.00000e+00 1.64529e-06 0.00000e+00 0.00000e+00
       -2.82011 0.00000e+00 0.00000e+00 0.00000e+00 1.67133e-06 0.00000e+00 0.00000e+00
       -2.81781 0.00000e+00 0.00000e+00 0.00000e+00 1.69751e-06 0.00000e+00 0.00000e+00
       -2.81551 0.00000e+00 0.00000e+00 0.00000e+00 1.72383e-06 0.00000e+00 0.00000e+00
       -2.81321 0.00000e+00 0.00000e+00 0.00000e+00 1.75029e-06 0.00000e+00 0.00000e+00
       -2.81091 0.00000e+00 0.00000e+00 0.00000e+00 1.77689e-06 0.00000e+00 0.00000e+00
       -2.80861 0.00000e+00 0.00000e+00 0.00000e+00 1.80363e-06 0.00000e+00 0.00000e+00
       -2.80631 0.00000e+00 0.00000e+00 0.00000e+00 1.83051e-06 0.00000e+00 0.00000e+00
       -2.80401 0.00000e+00 0.00000e+00 0.00000e+00 1.85754e-06 0.00000e+00 0.00000e+00
       -2.80171 0.00000e+00 0.00000e+00 0.00000e+00 1.88472e-06 0.00000e+00 0.00000e+00
       -2.79941 0.00000e+00 0.00000e+00 0.00000e+00 1.91203e-06 0.00000e+00 0.00000e+00
       -2.79710 0.00000e+00 0.00000e+00 0.00000e+00 1.93949e-06 0.00000e+00 0.00000e+00
       -2.79480 0.00000e+00 0.00000e+00 0.00000e+00 1.96710e-06 0.00000e+00 0.00000e+00
       -2.79250 0.00000e+00 0.00000e+00 0.00000e+00 1.99485e-06 0.00000e+00 0.00000e+00
       -2.79020 0.00000e+00 0.00000e+00 0.00000e+00 2.02275e-06 0.00000e+00 0.00000e+00
       -2.78790 0.00000e+00 0.00000e+00 0.00000e+00 2.05079e-06 0.00000e+00 0.00000e+00
       -2.78560 0.00000e+00 0.00000e+00 0.00000e+00 2.07899e-06 0.00000e+00 0.00000e+00
       -2.78330 0.00000e+00 0.00000e+00 0.00000e+00 2.10734e-06 0.00000e+00 0.00000e+00
       -2.78100 0.00000e+00 0.00000e+00 0.00000e+00 2.13583e-06 0.00000e+00 0.00000e+00
       -2.77870 0.00000e+00 0.00000e+00 0.00000e+00 2.16448e-06 0.00000e+00 0.00000e+00
       -2.77639 0.00000e+00 0.00000e+00 0.00000e+00 2.19328e-06 0.00000e+00 0.00000e+00
       -2.77409 0.00000e+00 0.00000e+00 0.00000e+00 2.22223e-06 0.00000e+00 0.00000e+00
       -2.77179 0.00000e+00 0.00000e+00 0.00000e+00 2.25134e-06 0.00000e+00 0.00000e+00
       -2.76949 0.00000e+00 0.00000e+00 0.00000e+00 2.28060e-06 0.00000e+00 0.00000e+00
       -2.76719 0.00000e+00 0.00000e+00 0.00000e+00 2.31002e-06 0.00000e+00 0.00000e+00
       -2.76489 0.00000e+00 0.00000e+00 0.00000e+00 2.33959e-06 0.00000e+00 0.00000e+00
       -2.76259 0.00000e+00 0.00000e+00 0.00000e+00 2.36932e-06 0.00000e+00 0.00000e+00
       -2.76029 0.00000e+00 0.00000e+00 0.00000e+00 2.39921e-06 0.00000e+00 0.00000e+00
       -2.75799 0.00000e+00 0.00000e+00 0.00000e+00 2.42926e-06 0.00000e+00 0.00000e+00
       -2.75569 0.00000e+00 0.00000e+00 0.00000e+00 2.45946e-06 0.00000e+00 0.00000e+00
       -2.75339 0.00000e+00 0.00000e+00 0.00000e+00 2.48983e-06 0.00000e+00 0.00000e+00
       -2.75108 0.00000e+00 0.00000e+00 0.00000e+00 2.52036e-06 0.00000e+00 0.00000e+00
       -2.74878 0.00000e+00 0.00000e+00 0.00000e+00 2.55105e-06 0.00000e+00 0.00000e+00
       -2.74648 0.00000e+00 0.00000e+00 0.00000e+00 2.58190e-06 0.00000e+00 0.00000e+00
       -2.74418 0.00000e+00 0.00000e+00 0.00000e+00 2.61292e-06 0.00000e+00 0.00000e+00
       -2.74188 0.00000e+00 0.00000e+00 0.00000e+00 2.64410e-06 0.00000e+00 0.00000e+00
       -2.73958 0.00000e+00 0.00000e+00 0.00000e+00 2.67545e-06 0.00000e+00 0.00000e+00
       -2.73728 0.00000e+00 0.00000e+00 0.00000e+00 2.70697e-06 0.00000e+00 0.00000e+00
       -2.73498 0.00000e+00 0.00000e+00 0.00000e+00 2.73865e-06 0.00000e+00 0.00000e+00
       -2.73268 0.00000e+00 0.00000e+00 0.00000e+00 2.77050e-06 0.00000e+00 0.00000e+00
       -2.73037 0.00000e+00 0.00000e+00 0.00000e+00 2.80252e-06 0.00000e+00 0.00000e+00
       -2.72807 0.00000e+00 0.00000e+00 0.00000e+00 2.83471e-06 0.00000e+00 0.00000e+00
       -2.72577 0.00000e+00 0.00000e+00 0.00000e+00 2.86708e-06 0.00000e+00 0.00000e+00
       -2.72347 0.00000e+00 0.00000e+00 0.00000e+00 2.89962e-06 0.00000e+00 0.00000e+00
       -2.72117 0.00000e+00 0.00000e+00 0.00000e+00 2.93232e-06 0.00000e+00 0.00000e+00
       -2.71887 0.00000e+00 0.00000e+00 0.00000e+00 2.96520e-06 0.00000e+00 0.00000e+00
       -2.71657 0.00000e+00 0.00000e+00 0.00000e+00 2.99825e-06 0.00000e+00 0.00000e+00
       -2.71427 0.00000e+00 0.00000e+00 0.00000e+00 3.03148e-06 0.00000e+00 0.00000e+00
       -2.71197 0.00000e+00 0.00000e+00 0.00000e+00 3.06489e-06 0.00000e+00 0.00000e+00
       -2.70967 0.00000e+00 0.00000e+00 0.00000e+00 3.09847e-06 0.00000e+00 0.00000e+00
       -2.70736 0.00000e+00 0.00000e+00 0.00000e+00 3.13223e-06 0.00000e+00 0.00000e+00
       -2.70506 0.00000e+00 0.00000e+00 0.00000e+00 3.16617e-06 0.00000e+00 0.00000e+00
       -2.70276 0.00000e+00 0.00000e+00 0.00000e+00 3.20030e-06 0.00000e+00 0.00000e+00
       -2.70046 0.00000e+00 0.00000e+00 0.00000e+00 3.23460e-06 0.00000e+00 0.00000e+00
       -2.69816 0.00000e+00 0.00000e+00 0.00000e+00 3.34443e-06 0.00000e+00 0.00000e+00
       -2.69586 0.00000e+00 0.00000e+00 0.00000e+00 3.58483e-06 0.00000e+00 0.00000e+00
       -2.69356 0.00000e+00 0.00000e+00 0.00000e+00 3.82877e-06 0.00000e+00 0.00000e+00
       -2.69126 0.00000e+00 0.00000e+00 0.00000e+00 4.07401e-06 0.00000e+00 0.00000e+00
       -2.68896 0.00000e+00 0.00000e+00 0.00000e+00 4.32055e-06 0.00000e+00 0.00000e+00
       -2.68666 0.00000e+00 0.00000e+00 0.00000e+00 4.56840e-06 0.00000e+00 0.00000e+00
       -2.68435 0.00000e+00 0.00000e+00 0.00000e+00 4.81756e-06 0.00000e+00 0.00000e+00
       -2.68205 0.00000e+00 0.00000e+00 0.00000e+00 5.06805e-06 0.00000e+00 0.00000e+00
       -2.67975 0.00000e+00 0.00000e+00 0.00000e+00 5.31988e-06 0.00000e+00 0.00000e+00
       -2.67745 0.00000e+00 0.00000e+00 0.00000e+00 5.57303e-06 0.00000e+00 0.00000e+00
       -2.67515 0.00000e+00 0.00000e+00 0.00000e+00 5.82754e-06 0.00000e+00 0.00000e+00
       -2.67285 0.00000e+00 0.00000e+00 0.00000e+00 6.08339e-06 0.00000e+00 0.00000e+00
       -2.67055 0.00000e+00 0.00000e+00 0.00000e+00 6.34061e-06 0.00000e+00 0.00000e+00
       -2.66825 0.00000e+00 0.00000e+00 0.00000e+00 6.59919e-06 0.00000e+00 0.00000e+00
       -2.66595 0.00000e+00 0.00000e+00 0.00000e+00 6.85915e-06 0.00000e+00 0.00000e+00
       -2.66364 0.00000e+00 0.00000e+00 0.00000e+00 7.12048e-06 0.00000e+00 0.00000e+00
       -2.66134 0.00000e+00 0.00000e+00 0.00000e+00 7.38321e-06 0.00000e+00 0.00000e+00
       -2.65904 0.00000e+00 0.00000e+00 0.00000e+00 7.64733e-06 0.00000e+00 0.00000e+00
       -2.65674 0.00000e+00 0.00000e+00 0.00000e+00 7.91285e-06 0.00000e+00 0.00000e+00
       -2.65444 0.00000e+00 0.00000e+00 0.00000e+00 8.17978e-06 0.00000e+00 0.00000e+00
       -2.65214 0.00000e+00 0.00000e+00 0.00000e+00 8.44814e-06 0.00000e+00 0.00000e+00
       -2.64984 0.00000e+00 0.00000e+00 0.00000e+00 8.71794e-06 0.00000e+00 0.00000e+00
       -2.64754 0.00000e+00 0.00000e+00 0.00000e+00 8.98921e-06 0.00000e+00 0.00000e+00
       -2.64524 0.00000e+00 0.00000e+00 0.00000e+00 9.26189e-06 0.00000e+00 0.00000e+00
       -2.64294 0.00000e+00 0.00000e+00 0.00000e+00 9.53599e-06 0.00000e+00 0.00000e+00
       -2.64063 0.00000e+00 0.00000e+00 0.00000e+00 9.81155e-06 0.00000e+00 0.00000e+00
       -2.63833 0.00000e+00 0.00000e+00 0.00000e+00 1.00886e-05 0.00000e+00 0.00000e+00
       -2.63603 0.00000e+00 0.00000e+00 0.00000e+00 1.03671e-05 0.00000e+00 0.00000e+00
       -2.63373 0.00000e+00 0.00000e+00 0.00000e+00 1.06470e-05 0.00000e+00 0.00000e+00
       -2.63143 0.00000e+00 0.00000e+00 0.00000e+00 1.09285e-05 0.00000e+00 0.00000e+00
       -2.62913 0.00000e+00 0.00000e+00 0.00000e+00 1.12114e-05 0.00000e+00 0.00000e+00
       -2.62683 0.00000e+00 0.00000e+00 0.00000e+00 1.14959e-05 0.00000e+00 0.00000e+00
       -2.62453 0.00000e+00 0.00000e+00 0.00000e+00 1.17819e-05 0.00000e+00 0.00000e+00
       -2.62223 0.00000e+00 0.00000e+00 0.00000e+00 1.20694e-05 0.00000e+00 0.00000e+00
       -2.61992 0.00000e+00 0.00000e+00 0.00000e+00 1.23584e-05 0.00000e+00 0.00000e+00
       -2.61762 0.00000e+00 0.00000e+00 0.00000e+00 1.26489e-05 0.00000e+00 0.00000e+00
       -2.61532 0.00000e+00 0.00000e+00 0.00000e+00 1.29410e-05 0.00000e+00 0.00000e+00
       -2.61302 0.00000e+00 0.00000e+00 0.00000e+00 1.32347e-05 0.00000e+00 0.00000e+00
       -2.61072 0.00000e+00 0.00000e+00 0.00000e+00 1.35299e-05 0.00000e+00 0.00000e+00
       -2.60842 0.00000e+00 0.00000e+00 0.00000e+00 1.38266e-05 0.00000e+00 0.00000e+00
       -2.60612 0.00000e+00 0.00000e+00 0.00000e+00 1.41250e-05 0.00000e+00 0.00000e+00
       -2.60382 0.00000e+00 0.00000e+00 0.00000e+00 1.44249e-05 0.00000e+00 0.00000e+00
       -2.60152 0.00000e+00 0.00000e+00 0.00000e+00 1.47264e-05 0.00000e+00 0.00000e+00
       -2.59922 0.00000e+00 0.00000e+00 0.00000e+00 1.50296e-05 0.00000e+00 0.00000e+00
       -2.59692 0.00000e+00 0.00000e+00 0.00000e+00 1.53343e-05 0.00000e+00 0.00000e+00
       -2.59461 0.00000e+00 0.00000e+00 0.00000e+00 1.56407e-05 0.00000e+00 0.00000e+00
       -2.59231 0.00000e+00 0.00000e+00 0.00000e+00 1.59487e-05 0.00000e+00 0.00000e+00
       -2.59001 0.00000e+00 0.00000e+00 0.00000e+00 1.62583e-05 0.00000e+00 0.00000e+00
       -2.58771 0.00000e+00 0.00000e+00 0.00000e+00 1.65696e-05 0.00000e+00 0.00000e+00
       -2.58541 0.00000e+00 0.00000e+00 0.00000e+00 1.68825e-05 0.00000e+00 0.00000e+00
       -2.58311 0.00000e+00 0.00000e+00 0.00000e+00 1.71971e-05 0.00000e+00 0.00000e+00
       -2.58081 0.00000e+00 0.00000e+00 0.00000e+00 1.75133e-05 0.00000e+00 0.00000e+00
       -2.57851 0.00000e+00 0.00000e+00 0.00000e+00 1.78312e-05 0.00000e+00 0.00000e+00
       -2.57621 0.00000e+00 0.00000e+00 0.00000e+00 1.81509e-05 0.00000e+00 0.00000e+00
       -2.57390 0.00000e+00 0.00000e+00 0.00000e+00 1.84722e-05 0.00000e+00 0.00000e+00
       -2.57160 0.00000e+00 0.00000e+00 0.00000e+00 1.87953e-05 0.00000e+00 0.00000e+00
       -2.56930 0.00000e+00 0.00000e+00 0.00000e+00 1.91201e-05 0.00000e+00 0.00000e+00
       -2.56700 0.00000e+00 0.00000e+00 0.00000e+00 1.94466e-05 0.00000e+00 0.00000e+00
       -2.56470 0.00000e+00 0.00000e+00 0.00000e+00 1.97748e-05 0.00000e+00 0.00000e+00
       -2.56240 0.00000e+00 0.00000e+00 0.00000e+00 2.01047e-05 0.00000e+00 0.00000e+00
       -2.56010 0.00000e+00 0.00000e+00 0.00000e+00 2.04364e-05 0.00000e+00 0.00000e+00
       -2.55780 0.00000e+00 0.00000e+00 0.00000e+00 2.07699e-05 0.00000e+00 0.00000e+00
       -2.55550 0.00000e+00 0.00000e+00 0.00000e+00 2.11051e-05 0.00000e+00 0.00000e+00
       -2.55320 0.00000e+00 0.00000e+00 0.00000e+00 2.14421e-05 0.00000e+00 0.00000e+00
       -2.55089 0.00000e+00 0.00000e+00 0.00000e+00 2.17809e-05 0.00000e+00 0.00000e+00
       -2.54859 0.00000e+00 0.00000e+00 0.00000e+00 2.21215e-05 0.00000e+00 0.00000e+00
       -2.54629 0.00000e+00 0.00000e+00 0.00000e+00 2.24640e-05 0.00000e+00 0.00000e+00
       -2.54399 0.00000e+00 0.00000e+00 0.00000e+00 2.28082e-05 0.00000e+00 0.00000e+00
       -2.54169 0.00000e+00 0.00000e+00 0.00000e+00 2.31543e-05 0.00000e+00 0.00000e+00
       -2.53939 0.00000e+00 0.00000e+00 0.00000e+00 2.35022e-05 0.00000e+00 0.00000e+00
       -2.53709 0.00000e+00 0.00000e+00 0.00000e+00 2.38519e-05 0.00000e+00 0.00000e+00
       -2.53479 0.00000e+00 0.00000e+00 0.00000e+00 2.42035e-05 0.00000e+00 0.00000e+00
       -2.53249 0.00000e+00 0.00000e+00 0.00000e+00 2.45570e-05 0.00000e+00 0.00000e+00
       -2.53018 0.00000e+00 0.00000e+00 0.00000e+00 2.49123e-05 0.00000e+00 0.00000e+00
       -2.52788 0.00000e+00 0.00000e+00 0.00000e+00 2.52696e-05 0.00000e+00 0.00000e+00
       -2.52558 0.00000e+00 0.00000e+00 0.00000e+00 2.56287e-05 0.00000e+00 0.00000e+00
       -2.52328 0.00000e+00 0.00000e+00 0.00000e+00 2.60049e-05 0.00000e+00 0.00000e+00
       -2.52098 0.00000e+00 0.00000e+00 0.00000e+00 2.65900e-05 0.00000e+00 0.00000e+00
       -2.51868 0.00000e+00 0.00000e+00 0.00000e+00 2.72437e-05 0.00000e+00 0.00000e+00
       -2.51638 0.00000e+00 0.00000e+00 0.00000e+00 2.79008e-05 0.00000e+00 0.00000e+00
       -2.51408 0.00000e+00 0.00000e+00 0.00000e+00 2.85615e-05 0.00000e+00 0.00000e+00
       -2.51178 0.00000e+00 0.00000e+00 0.00000e+00 2.92257e-05 0.00000e+00 0.00000e+00
       -2.50948 0.00000e+00 0.00000e+00 0.00000e+00 2.98934e-05 0.00000e+00 0.00000e+00
       -2.50718 0.00000e+00 0.00000e+00 0.00000e+00 3.05646e-05 0.00000e+00 0.00000e+00
       -2.50487 0.00000e+00 0.00000e+00 0.00000e+00 3.12394e-05 0.00000e+00 0.00000e+00
       -2.50257 0.00000e+00 0.00000e+00 0.00000e+00 3.19178e-05 0.00000e+00 0.00000e+00
       -2.50027 0.00000e+00 0.00000e+00 0.00000e+00 3.25999e-05 0.00000e+00 0.00000e+00
       -2.49797 0.00000e+00 0.00000e+00 0.00000e+00 3.32856e-05 0.00000e+00 0.00000e+00
       -2.49567 0.00000e+00 0.00000e+00 0.00000e+00 3.39750e-05 0.00000e+00 0.00000e+00
       -2.49337 0.00000e+00 0.00000e+00 0.00000e+00 3.46680e-05 0.00000e+00 0.00000e+00
       -2.49107 0.00000e+00 0.00000e+00 0.00000e+00 3.53646e-05 0.00000e+00 0.00000e+00
       -2.48877 0.00000e+00 0.00000e+00 0.00000e+00 3.60649e-05 0.00000e+00 0.00000e+00
       -2.48646 0.00000e+00 0.00000e+00 0.00000e+00 3.67689e-05 0.00000e+00 0.00000e+00
       -2.48416 0.00000e+00 0.00000e+00 0.00000e+00 3.74767e-05 0.00000e+00 0.00000e+00
       -2.48186 0.00000e+00 0.00000e+00 0.00000e+00 3.81883e-05 0.00000e+00 0.00000e+00
       -2.47956 0.00000e+00 0.00000e+00 0.00000e+00 3.89036e-05 0.00000e+00 0.00000e+00
       -2.47726 0.00000e+00 0.00000e+00 0.00000e+00 3.96227e-05 0.00000e+00 0.00000e+00
       -2.47496 0.00000e+00 0.00000e+00 0.00000e+00 4.03456e-05 0.00000e+00 0.00000e+00
       -2.47266 0.00000e+00 0.00000e+00 0.00000e+00 4.10724e-05 0.00000e+00 0.00000e+00
       -2.47036 0.00000e+00 0.00000e+00 0.00000e+00 4.18030e-05 0.00000e+00 0.00000e+00
       -2.46806 0.00000e+00 0.00000e+00 0.00000e+00 4.25375e-05 0.00000e+00 0.00000e+00
       -2.46576 0.00000e+00 0.00000e+00 0.00000e+00 4.32760e-05 0.00000e+00 0.00000e+00
       -2.46346 0.00000e+00 0.00000e+00 0.00000e+00 4.40183e-05 0.00000e+00 0.00000e+00
       -2.46115 0.00000e+00 0.00000e+00 0.00000e+00 4.47646e-05 0.00000e+00 0.00000e+00
       -2.45885 0.00000e+00 0.00000e+00 0.00000e+00 4.55148e-05 0.00000e+00 0.00000e+00
       -2.45655 0.00000e+00 0.00000e+00 0.00000e+00 4.62691e-05 0.00000e+00 0.00000e+00
       -2.45425 0.00000e+00 0.00000e+00 0.00000e+00 4.70273e-05 0.00000e+00 0.00000e+00
       -2.45195 0.00000e+00 0.00000e+00 0.00000e+00 4.77896e-05 0.00000e+00 0.00000e+00
       -2.44965 0.00000e+00 0.00000e+00 0.00000e+00 4.85559e-05 0.00000e+00 0.00000e+00
       -2.44735 0.00000e+00 0.00000e+00 0.00000e+00 4.93263e-05 0.00000e+00 0.00000e+00
       -2.44505 0.00000e+00 0.00000e+00 0.00000e+00 5.01008e-05 0.00000e+00 0.00000e+00
       -2.44275 0.00000e+00 0.00000e+00 0.00000e+00 5.08794e-05 0.00000e+00 0.00000e+00
       -2.44044 0.00000e+00 0.00000e+00 0.00000e+00 5.16621e-05 0.00000e+00 0.00000e+00
       -2.43814 0.00000e+00 0.00000e+00 0.00000e+00 5.24490e-05 0.00000e+00 0.00000e+00
       -2.43584 0.00000e+00 0.00000e+00 0.00000e+00 5.32401e-05 0.00000e+00 0.00000e+00
       -2.43354 0.00000e+00 0.00000e+00 0.00000e+00 5.40353e-05 0.00000e+00 0.00000e+00
       -2.43124 0.00000e+00 0.00000e+00 0.00000e+00 5.48348e-05 0.00000e+00 0.00000e+00
       -2.42894 0.00000e+00 0.00000e+00 0.00000e+00 5.56386e-05 0.00000e+00 0.00000e+00
       -2.42664 0.00000e+00 0.00000e+00 0.00000e+00 5.64466e-05 0.00000e+00 0.00000e+00
       -2.42434 0.00000e+00 0.00000e+00 0.00000e+00 5.72589e-05 0.00000e+00 0.00000e+00
       -2.42204 0.00000e+00 0.00000e+00 0.00000e+00 5.80755e-05 0.00000e+00 0.00000e+00
       -2.41974 0.00000e+00 0.00000e+00 0.00000e+00 5.88966e-05 0.00000e+00 0.00000e+00
       -2.41743 0.00000e+00 0.00000e+00 0.00000e+00 5.97221e-05 0.00000e+00 0.00000e+00
       -2.41513 0.00000e+00 0.00000e+00 0.00000e+00 6.05519e-05 0.00000e+00 0.00000e+00
       -2.41283 0.00000e+00 0.00000e+00 0.00000e+00 6.13860e-05 0.00000e+00 0.00000e+00
       -2.41053 0.00000e+00 0.00000e+00 0.00000e+00 6.22246e-05 0.00000e+00 0.00000e+00
       -2.40823 0.00000e+00 0.00000e+00 0.00000e+00 6.30676e-05 0.00000e+00 0.00000e+00
       -2.40593 0.00000e+00 0.00000e+00 0.00000e+00 6.39150e-05 0.00000e+00 0.00000e+00
       -2.40363 0.00000e+00 0.00000e+00 0.00000e+00 6.47670e-05 0.00000e+00 0.00000e+00
       -2.40133 0.00000e+00 0.00000e+00 0.00000e+00 6.56235e-05 0.00000e+00 0.00000e+00
       -2.39903 0.00000e+00 0.00000e+00 0.00000e+00 6.64847e-05 0.00000e+00 0.00000e+00
       -2.39672 0.00000e+00 0.00000e+00 0.00000e+00 6.75497e-05 0.00000e+00 0.00000e+00
       -2.39442 0.00000e+00 0.00000e+00 0.00000e+00 6.87988e-05 0.00000e+00 0.00000e+00
       -2.39212 0.00000e+00 0.00000e+00 0.00000e+00 7.00545e-05 0.00000e+00 0.00000e+00
       -2.38982 0.00000e+00 0.00000e+00 0.00000e+00 7.13169e-05 0.00000e+00 0.00000e+00
       -2.38752 0.00000e+00 0.00000e+00 0.00000e+00 7.25860e-05 0.00000e+00 0.00000e+00
       -2.38522 0.00000e+00 0.00000e+00 0.00000e+00 7.38618e-05 0.00000e+00 0.00000e+00
       -2.38292 0.00000e+00 0.00000e+00 0.00000e+00 7.51444e-05 0.00000e+00 0.00000e+00
       -2.38062 0.00000e+00 0.00000e+00 0.00000e+00 7.64339e-05 0.00000e+00 0.00000e+00
       -2.37832 0.00000e+00 0.00000e+00 0.00000e+00 7.77302e-05 0.00000e+00 0.00000e+00
       -2.37602 0.00000e+00 0.00000e+00 0.00000e+00 7.90333e-05 0.00000e+00 0.00000e+00
       -2.37371 0.00000e+00 0.00000e+00 0.00000e+00 8.03434e-05 0.00000e+00 0.00000e+00
       -2.37141 0.00000e+00 0.00000e+00 0.00000e+00 8.16604e-05 0.00000e+00 0.00000e+00
       -2.36911 0.00000e+00 0.00000e+00 0.00000e+00 8.29845e-05 0.00000e+00 0.00000e+00
       -2.36681 0.00000e+00 0.00000e+00 0.00000e+00 8.43156e-05 0.00000e+00 0.00000e+00
       -2.36451 0.00000e+00 0.00000e+00 0.00000e+00 8.56537e-05 0.00000e+00 0.00000e+00
       -2.36221 0.00000e+00 0.00000e+00 0.00000e+00 8.69990e-05 0.00000e+00 0.00000e+00
       -2.35991 0.00000e+00 0.00000e+00 0.00000e+00 8.83514e-05 0.00000e+00 0.00000e+00
       -2.35761 0.00000e+00 0.00000e+00 0.00000e+00 8.97110e-05 0.00000e+00 0.00000e+00
       -2.35531 0.00000e+00 0.00000e+00 0.00000e+00 9.10778e-05 0.00000e+00 0.00000e+00
       -2.35301 0.00000e+00 0.00000e+00 0.00000e+00 9.24518e-05 0.00000e+00 0.00000e+00
       -2.35071 0.00000e+00 0.00000e+00 0.00000e+00 9.38332e-05 0.00000e+00 0.00000e+00
       -2.34840 0.00000e+00 0.00000e+00 0.00000e+00 9.52219e-05 0.00000e+00 0.00000e+00
       -2.34610 0.00000e+00 0.00000e+00 0.00000e+00 9.66180e-05 0.00000e+00 0.00000e+00
       -2.34380 0.00000e+00 0.00000e+00 0.00000e+00 9.80217e-05 0.00000e+00 0.00000e+00
       -2.34150 0.00000e+00 0.00000e+00 0.00000e+00 9.94329e-05 0.00000e+00 0.00000e+00
       -2.33920 0.00000e+00 0.00000e+00 0.00000e+00 1.00852e-04 0.00000e+00 0.00000e+00
       -2.33690 0.00000e+00 0.00000e+00 0.00000e+00 1.02278e-04 0.00000e+00 0.00000e+00
       -2.33460 0.00000e+00 0.00000e+00 0.00000e+00 1.03711e-04 0.00000e+00 0.00000e+00
       -2.33230 0.00000e+00 0.00000e+00 0.00000e+00 1.05152e-04 0.00000e+00 0.00000e+00
       -2.32999 0.00000e+00 0.00000e+00 0.00000e+00 1.06601e-04 0.00000e+00 0.00000e+00
       -2.32769 0.00000e+00 0.00000e+00 0.00000e+00 1.08058e-04 0.00000e+00 0.00000e+00
       -2.32539 0.00000e+00 0.00000e+00 0.00000e+00 1.09522e-04 0.00000e+00 0.00000e+00
       -2.32309 0.00000e+00 0.00000e+00 0.00000e+00 1.10994e-04 0.00000e+00 0.00000e+00
       -2.32079 0.00000e+00 0.00000e+00 0.00000e+00 1.12474e-04 0.00000e+00 0.00000e+00
       -2.31849 0.00000e+00 0.00000e+00 0.00000e+00 1.13962e-04 0.00000e+00 0.00000e+00
       -2.31619 0.00000e+00 0.00000e+00 0.00000e+00 1.15457e-04 0.00000e+00 0.00000e+00
       -2.31389 0.00000e+00 0.00000e+00 0.00000e+00 1.16961e-04 0.00000e+00 0.00000e+00
       -2.31159 0.00000e+00 0.00000e+00 0.00000e+00 1.18472e-04 0.00000e+00 0.00000e+00
       -2.30929 0.00000e+00 0.00000e+00 0.00000e+00 1.19992e-04 0.00000e+00 0.00000e+00
       -2.30699 0.00000e+00 0.00000e+00 0.00000e+00 1.21520e-04 0.00000e+00 0.00000e+00
       -2.30468 0.00000e+00 0.00000e+00 0.00000e+00 1.23055e-04 0.00000e+00 0.00000e+00
       -2.30238 0.00000e+00 0.00000e+00 0.00000e+00 1.24599e-04 0.00000e+00 0.00000e+00
       -2.30008 0.00000e+00 0.00000e+00 0.00000e+00 1.26343e-04 0.00000e+00 0.00000e+00
       -2.29778 0.00000e+00 0.00000e+00 0.00000e+00 1.28364e-04 0.00000e+00 0.00000e+00
       -2.29548 0.00000e+00 0.00000e+00 0.00000e+00 1.30398e-04 0.00000e+00 0.00000e+00
       -2.29318 0.00000e+00 0.00000e+00 0.00000e+00 1.32442e-04 0.00000e+00 0.00000e+00
       -2.29088 0.00000e+00 0.00000e+00 0.00000e+00 1.34498e-04 0.00000e+00 0.00000e+00
       -2.28858 0.00000e+00 0.00000e+00 0.00000e+00 1.36564e-04 0.00000e+00 0.00000e+00
       -2.28628 0.00000e+00 0.00000e+00 0.00000e+00 1.38641e-04 0.00000e+00 0.00000e+00
       -2.28397 0.00000e+00 0.00000e+00 0.00000e+00 1.40729e-04 0.00000e+00 0.00000e+00
       -2.28167 0.00000e+00 0.00000e+00 0.00000e+00 1.42828e-04 0.00000e+00 0.00000e+00
       -2.27937 0.00000e+00 0.00000e+00 0.00000e+00 1.44939e-04 0.00000e+00 0.00000e+00
       -2.27707 0.00000e+00 0.00000e+00 0.00000e+00 1.47060e-04 0.00000e+00 0.00000e+00
       -2.27477 0.00000e+00 0.00000e+00 0.00000e+00 1.49193e-04 0.00000e+00 0.00000e+00
       -2.27247 0.00000e+00 0.00000e+00 0.00000e+00 1.51338e-04 0.00000e+00 0.00000e+00
       -2.27017 0.00000e+00 0.00000e+00 0.00000e+00 1.53493e-04 0.00000e+00 0.00000e+00
       -2.26787 0.00000e+00 0.00000e+00 0.00000e+00 1.55660e-04 0.00000e+00 0.00000e+00
       -2.26557 0.00000e+00 0.00000e+00 0.00000e+00 1.57839e-04 0.00000e+00 0.00000e+00
       -2.26327 0.00000e+00 0.00000e+00 0.00000e+00 1.60030e-04 0.00000e+00 0.00000e+00
       -2.26096 0.00000e+00 0.00000e+00 0.00000e+00 1.62232e-04 0.00000e+00 0.00000e+00
       -2.25866 0.00000e+00 0.00000e+00 0.00000e+00 1.64445e-04 0.00000e+00 0.00000e+00
       -2.25636 0.00000e+00 0.00000e+00 0.00000e+00 1.66670e-04 0.00000e+00 0.00000e+00
       -2.25406 0.00000e+00 0.00000e+00 0.00000e+00 1.68907e-04 0.00000e+00 0.00000e+00
       -2.25176 0.00000e+00 0.00000e+00 0.00000e+00 1.71156e-04 0.00000e+00 0.00000e+00
       -2.24946 0.00000e+00 0.00000e+00 0.00000e+00 1.73417e-04 0.00000e+00 0.00000e+00
       -2.24716 0.00000e+00 0.00000e+00 0.00000e+00 1.75690e-04 0.00000e+00 0.00000e+00
       -2.24486 0.00000e+00 0.00000e+00 0.00000e+00 1.77975e-04 0.00000e+00 0.00000e+00
       -2.24256 0.00000e+00 0.00000e+00 0.00000e+00 1.80272e-04 0.00000e+00 0.00000e+00
       -2.24025 0.00000e+00 0.00000e+00 0.00000e+00 1.82582e-04 0.00000e+00 0.00000e+00
       -2.23795 0.00000e+00 0.00000e+00 0.00000e+00 1.84903e-04 0.00000e+00 0.00000e+00
       -2.23565 0.00000e+00 0.00000e+00 0.00000e+00 1.87237e-04 0.00000e+00 0.00000e+00
       -2.23335 0.00000e+00 0.00000e+00 0.00000e+00 1.89584e-04 0.00000e+00 0.00000e+00
       -2.23105 0.00000e+00 0.00000e+00 0.00000e+00 1.91942e-04 0.00000e+00 0.00000e+00
       -2.22875 0.00000e+00 0.00000e+00 0.00000e+00 1.94314e-04 0.00000e+00 0.00000e+00
       -2.22645 0.00000e+00 0.00000e+00 0.00000e+00 1.96698e-04 0.00000e+00 0.00000e+00
       -2.22415 0.00000e+00 0.00000e+00 0.00000e+00 1.99094e-04 0.00000e+00 0.00000e+00
       -2.22185 0.00000e+00 0.00000e+00 0.00000e+00 2.01571e-04 0.00000e+00 0.00000e+00
       -2.21955 0.00000e+00 0.00000e+00 0.00000e+00 2.04467e-04 0.00000e+00 0.00000e+00
       -2.21725 0.00000e+00 0.00000e+00 0.00000e+00 2.07445e-04 0.00000e+00 0.00000e+00
       -2.21494 0.00000e+00 0.00000e+00 0.00000e+00 2.10439e-04 0.00000e+00 0.00000e+00
       -2.21264 0.00000e+00 0.00000e+00 0.00000e+00 2.13448e-04 0.00000e+00 0.00000e+00
       -2.21034 0.00000e+00 0.00000e+00 0.00000e+00 2.16474e-04 0.00000e+00 0.00000e+00
       -2.20804 0.00000e+00 0.00000e+00 0.00000e+00 2.19516e-04 0.00000e+00 0.00000e+00
       -2.20574 0.00000e+00 0.00000e+00 0.00000e+00 2.22574e-04 0.00000e+00 0.00000e+00
       -2.20344 0.00000e+00 0.00000e+00 0.00000e+00 2.25649e-04 0.00000e+00 0.00000e+00
       -2.20114 0.00000e+00 0.00000e+00 0.00000e+00 2.28739e-04 0.00000e+00 0.00000e+00
       -2.19884 0.00000e+00 0.00000e+00 0.00000e+00 2.31846e-04 0.00000e+00 0.00000e+00
       -2.19654 0.00000e+00 0.00000e+00 0.00000e+00 2.34970e-04 0.00000e+00 0.00000e+00
       -2.19423 0.00000e+00 0.00000e+00 0.00000e+00 2.38110e-04 0.00000e+00 0.00000e+00
       -2.19193 0.00000e+00 0.00000e+00 0.00000e+00 2.41267e-04 0.00000e+00 0.00000e+00
       -2.18963 0.00000e+00 0.00000e+00 0.00000e+00 2.44441e-04 0.00000e+00 0.00000e+00
       -2.18733 0.00000e+00 0.00000e+00 0.00000e+00 2.47632e-04 0.00000e+00 0.00000e+00
       -2.18503 0.00000e+00 0.00000e+00 0.00000e+00 2.50840e-04 0.00000e+00 0.00000e+00
       -2.18273 0.00000e+00 0.00000e+00 0.00000e+00 2.54064e-04 0.00000e+00 0.00000e+00
       -2.18043 0.00000e+00 0.00000e+00 0.00000e+00 2.57306e-04 0.00000e+00 0.00000e+00
       -2.17813 0.00000e+00 0.00000e+00 0.00000e+00 2.60565e-04 0.00000e+00 0.00000e+00
       -2.17583 0.00000e+00 0.00000e+00 0.00000e+00 2.63841e-04 0.00000e+00 0.00000e+00
       -2.17353 0.00000e+00 0.00000e+00 0.00000e+00 2.67134e-04 0.00000e+00 0.00000e+00
       -2.17122 0.00000e+00 0.00000e+00 0.00000e+00 2.70445e-04 0.00000e+00 0.00000e+00
       -2.16892 0.00000e+00 0.00000e+00 0.00000e+00 2.73774e-04 0.00000e+00 0.00000e+00
       -2.16662 0.00000e+00 0.00000e+00 0.00000e+00 2.77120e-04 0.00000e+00 0.00000e+00
       -2.16432 0.00000e+00 0.00000e+00 0.00000e+00 2.80484e-04 0.00000e+00 0.00000e+00
       -2.16202 0.00000e+00 0.00000e+00 0.00000e+00 2.83866e-04 0.00000e+00 0.00000e+00
       -2.15972 0.00000e+00 0.00000e+00 0.00000e+00 2.87266e-04 0.00000e+00 0.00000e+00
       -2.15742 0.00000e+00 0.00000e+00 0.00000e+00 2.90684e-04 0.00000e+00 0.00000e+00
       -2.15512 0.00000e+00 0.00000e+00 0.00000e+00 2.94171e-04 0.00000e+00 0.00000e+00
       -2.15282 0.00000e+00 0.00000e+00 0.00000e+00 2.98133e-04 0.00000e+00 0.00000e+00
       -2.15051 0.00000e+00 0.00000e+00 0.00000e+00 3.02225e-04 0.00000e+00 0.00000e+00
       -2.14821 0.00000e+00 0.00000e+00 0.00000e+00 3.06338e-04 0.00000e+00 0.00000e+00
       -2.14591 0.00000e+00 0.00000e+00 0.00000e+00 3.10473e-04 0.00000e+00 0.00000e+00
       -2.14361 0.00000e+00 0.00000e+00 0.00000e+00 3.14630e-04 0.00000e+00 0.00000e+00
       -2.14131 0.00000e+00 0.00000e+00 0.00000e+00 3.18809e-04 0.00000e+00 0.00000e+00
       -2.13901 0.00000e+00 0.00000e+00 0.00000e+00 3.23011e-04 0.00000e+00 0.00000e+00
       -2.13671 0.00000e+00 0.00000e+00 0.00000e+00 3.27234e-04 0.00000e+00 0.00000e+00
       -2.13441 0.00000e+00 0.00000e+00 0.00000e+00 3.31480e-04 0.00000e+00 0.00000e+00
       -2.13211 0.00000e+00 0.00000e+00 0.00000e+00 3.35749e-04 0.00000e+00 0.00000e+00
       -2.12981 0.00000e+00 0.00000e+00 0.00000e+00 3.40040e-04 0.00000e+00 0.00000e+00
       -2.12751 0.00000e+00 0.00000e+00 0.00000e+00 3.44354e-04 0.00000e+00 0.00000e+00
       -2.12520 0.00000e+00 0.00000e+00 0.00000e+00 3.48691e-04 0.00000e+00 0.00000e+00
       -2.12290 0.00000e+00 0.00000e+00 0.00000e+00 3.53052e-04 0.00000e+00 0.00000e+00
       -2.12060 0.00000e+00 0.00000e+00 0.00000e+00 3.57435e-04 0.00000e+00 0.00000e+00
       -2.11830 0.00000e+00 0.00000e+00 0.00000e+00 3.61841e-04 0.00000e+00 0.00000e+00
       -2.11600 0.00000e+00 0.00000e+00 0.00000e+00 3.66271e-04 0.00000e+00 0.00000e+00
       -2.11370 0.00000e+00 0.00000e+00 0.00000e+00 3.70725e-04 0.00000e+00 0.00000e+00
       -2.11140 0.00000e+00 0.00000e+00 0.00000e+00 3.75203e-04 0.00000e+00 0.00000e+00
       -2.10910 0.00000e+00 0.00000e+00 0.00000e+00 3.79705e-04 0.00000e+00 0.00000e+00
       -2.10679 0.00000e+00 0.00000e+00 0.00000e+00 3.84230e-04 0.00000e+00 0.00000e+00
       -2.10449 0.00000e+00 0.00000e+00 0.00000e+00 3.88778e-04 0.00000e+00 0.00000e+00
       -2.10219 0.00000e+00 0.00000e+00 0.00000e+00 3.93351e-04 0.00000e+00 0.00000e+00
       -2.09989 0.00000e+00 0.00000e+00 0.00000e+00 3.97949e-04 0.00000e+00 0.00000e+00
       -2.09759 0.00000e+00 0.00000e+00 0.00000e+00 4.02585e-04 0.00000e+00 0.00000e+00
       -2.09529 0.00000e+00 0.00000e+00 0.00000e+00 4.07700e-04 0.00000e+00 0.00000e+00
       -2.09299 0.00000e+00 0.00000e+00 0.00000e+00 4.13060e-04 0.00000e+00 0.00000e+00
       -2.09069 0.00000e+00 0.00000e+00 0.00000e+00 4.18448e-04 0.00000e+00 0.00000e+00
       -2.08839 0.00000e+00 0.00000e+00 0.00000e+00 4.23865e-04 0.00000e+00 0.00000e+00
       -2.08609 0.00000e+00 0.00000e+00 0.00000e+00 4.29311e-04 0.00000e+00 0.00000e+00
       -2.08379 0.00000e+00 0.00000e+00 0.00000e+00 4.34786e-04 0.00000e+00 0.00000e+00
       -2.08148 0.00000e+00 0.00000e+00 0.00000e+00 4.40290e-04 0.00000e+00 0.00000e+00
       -2.07918 0.00000e+00 0.00000e+00 0.00000e+00 4.45823e-04 0.00000e+00 0.00000e+00
       -2.07688 0.00000e+00 0.00000e+00 0.00000e+00 4.51385e-04 0.00000e+00 0.00000e+00
       -2.07458 0.00000e+00 0.00000e+00 0.00000e+00 4.56977e-04 0.00000e+00 0.00000e+00
       -2.07228 0.00000e+00 0.00000e+00 0.00000e+00 4.62599e-04 0.00000e+00 0.00000e+00
       -2.06998 0.00000e+00 0.00000e+00 0.00000e+00 4.68250e-04 0.00000e+00 0.00000e+00
       -2.06768 0.00000e+00 0.00000e+00 0.00000e+00 4.73932e-04 0.00000e+00 0.00000e+00
       -2.06538 0.00000e+00 0.00000e+00 0.00000e+00 4.79644e-04 0.00000e+00 0.00000e+00
       -2.06308 0.00000e+00 0.00000e+00 0.00000e+00 4.85386e-04 0.00000e+00 0.00000e+00
       -2.06078 0.00000e+00 0.00000e+00 0.00000e+00 4.91158e-04 0.00000e+00 0.00000e+00
       -2.05847 0.00000e+00 0.00000e+00 0.00000e+00 4.96962e-04 0.00000e+00 0.00000e+00
       -2.05617 0.00000e+00 0.00000e+00 0.00000e+00 5.02796e-04 0.00000e+00 0.00000e+00
       -2.05387 0.00000e+00 0.00000e+00 0.00000e+00 5.08661e-04 0.00000e+00 0.00000e+00
       -2.05157 0.00000e+00 0.00000e+00 0.00000e+00 5.14557e-04 0.00000e+00 0.00000e+00
       -2.04927 0.00000e+00 0.00000e+00 0.00000e+00 5.20485e-04 0.00000e+00 0.00000e+00
       -2.04697 0.00000e+00 0.00000e+00 0.00000e+00 5.26444e-04 0.00000e+00 0.00000e+00
       -2.04467 0.00000e+00 0.00000e+00 0.00000e+00 5.32791e-04 0.00000e+00 0.00000e+00
       -2.04237 0.00000e+00 0.00000e+00 0.00000e+00 5.39569e-04 0.00000e+00 0.00000e+00
       -2.04007 0.00000e+00 0.00000e+00 0.00000e+00 5.46383e-04 0.00000e+00 0.00000e+00
       -2.03776 0.00000e+00 0.00000e+00 0.00000e+00 5.53234e-04 0.00000e+00 0.00000e+00
       -2.03546 0.00000e+00 0.00000e+00 0.00000e+00 5.60122e-04 0.00000e+00 0.00000e+00
       -2.03316 0.00000e+00 0.00000e+00 0.00000e+00 5.67046e-04 0.00000e+00 0.00000e+00
       -2.03086 0.00000e+00 0.00000e+00 0.00000e+00 5.74006e-04 0.00000e+00 0.00000e+00
       -2.02856 0.00000e+00 0.00000e+00 0.00000e+00 5.81003e-04 0.00000e+00 0.00000e+00
       -2.02626 0.00000e+00 0.00000e+00 0.00000e+00 5.88037e-04 0.00000e+00 0.00000e+00
       -2.02396 0.00000e+00 0.00000e+00 0.00000e+00 5.95108e-04 0.00000e+00 0.00000e+00
       -2.02166 0.00000e+00 0.00000e+00 0.00000e+00 6.02217e-04 0.00000e+00 0.00000e+00
       -2.01936 0.00000e+00 0.00000e+00 0.00000e+00 6.09364e-04 0.00000e+00 0.00000e+00
       -2.01706 0.00000e+00 0.00000e+00 0.00000e+00 6.16548e-04 0.00000e+00 0.00000e+00
       -2.01475 0.00000e+00 0.00000e+00 0.00000e+00 6.23771e-04 0.00000e+00 0.00000e+00
       -2.01245 0.00000e+00 0.00000e+00 0.00000e+00 6.31033e-04 0.00000e+00 0.00000e+00
       -2.01015 0.00000e+00 0.00000e+00 0.00000e+00 6.38332e-04 0.00000e+00 0.00000e+00
       -2.00785 0.00000e+00 0.00000e+00 0.00000e+00 6.45671e-04 0.00000e+00 0.00000e+00
       -2.00555 0.00000e+00 0.00000e+00 0.00000e+00 6.53049e-04 0.00000e+00 0.00000e+00
       -2.00325 0.00000e+00 0.00000e+00 0.00000e+00 6.60465e-04 0.00000e+00 0.00000e+00
       -2.00095 0.00000e+00 0.00000e+00 0.00000e+00 6.67925e-04 0.00000e+00 0.00000e+00
       -1.99865 0.00000e+00 0.00000e+00 0.00000e+00 6.75898e-04 0.00000e+00 0.00000e+00
       -1.99635 0.00000e+00 0.00000e+00 0.00000e+00 6.84253e-04 0.00000e+00 0.00000e+00
       -1.99405 0.00000e+00 0.00000e+00 0.00000e+00 6.92653e-04 0.00000e+00 0.00000e+00
       -1.99174 0.00000e+00 0.00000e+00 0.00000e+00 7.01097e-04 0.00000e+00 0.00000e+00
       -1.98944 0.00000e+00 0.00000e+00 0.00000e+00 7.09586e-04 0.00000e+00 0.00000e+00
       -1.98714 0.00000e+00 0.00000e+00 0.00000e+00 7.18120e-04 0.00000e+00 0.00000e+00
       -1.98484 0.00000e+00 0.00000e+00 0.00000e+00 7.26699e-04 0.00000e+00 0.00000e+00
       -1.98254 0.00000e+00 0.00000e+00 0.00000e+00 7.35324e-04 0.00000e+00 0.00000e+00
       -1.98024 0.00000e+00 0.00000e+00 0.00000e+00 7.43995e-04 0.00000e+00 0.00000e+00
       -1.97794 0.00000e+00 0.00000e+00 0.00000e+00 7.52712e-04 0.00000e+00 0.00000e+00
       -1.97564 0.00000e+00 0.00000e+00 0.00000e+00 7.61476e-04 0.00000e+00 0.00000e+00
       -1.97334 0.00000e+00 0.00000e+00 0.00000e+00 7.70285e-04 0.00000e+00 0.00000e+00
       -1.97104 0.00000e+00 0.00000e+00 0.00000e+00 7.79142e-04 0.00000e+00 0.00000e+00
       -1.96873 0.00000e+00 0.00000e+00 0.00000e+00 7.88046e-04 0.00000e+00 0.00000e+00
       -1.96643 0.00000e+00 0.00000e+00 0.00000e+00 7.96997e-04 0.00000e+00 0.00000e+00
       -1.96413 0.00000e+00 0.00000e+00 0.00000e+00 8.05995e-04 0.00000e+00 0.00000e+00
       -1.96183 0.00000e+00 0.00000e+00 0.00000e+00 8.15041e-04 0.00000e+00 0.00000e+00
       -1.95953 0.00000e+00 0.00000e+00 0.00000e+00 8.24141e-04 0.00000e+00 0.00000e+00
       -1.95723 0.00000e+00 0.00000e+00 0.00000e+00 8.33807e-04 0.00000e+00 0.00000e+00
       -1.95493 0.00000e+00 0.00000e+00 0.00000e+00 8.43879e-04 0.00000e+00 0.00000e+00
       -1.95263 0.00000e+00 0.00000e+00 0.00000e+00 8.54004e-04 0.00000e+00 0.00000e+00
       -1.95033 0.00000e+00 0.00000e+00 0.00000e+00 8.64182e-04 0.00000e+00 0.00000e+00
       -1.94802 0.00000e+00 0.00000e+00 0.00000e+00 8.74415e-04 0.00000e+00 0.00000e+00
       -1.94572 0.00000e+00 0.00000e+00 0.00000e+00 8.84702e-04 0.00000e+00 0.00000e+00
       -1.94342 0.00000e+00 0.00000e+00 0.00000e+00 8.95043e-04 0.00000e+00 0.00000e+00
       -1.94112 0.00000e+00 0.00000e+00 0.00000e+00 9.05440e-04 0.00000e+00 0.00000e+00
       -1.93882 0.00000e+00 0.00000e+00 0.00000e+00 9.15892e-04 0.00000e+00 0.00000e+00
       -1.93652 0.00000e+00 0.00000e+00 0.00000e+00 9.26399e-04 0.00000e+00 0.00000e+00
       -1.93422 0.00000e+00 0.00000e+00 0.00000e+00 9.36962e-04 0.00000e+00 0.00000e+00
       -1.93192 0.00000e+00 0.00000e+00 0.00000e+00 9.47581e-04 0.00000e+00 0.00000e+00
       -1.92962 0.00000e+00 0.00000e+00 0.00000e+00 9.58257e-04 0.00000e+00 0.00000e+00
       -1.92731 0.00000e+00 0.00000e+00 0.00000e+00 9.68989e-04 0.00000e+00 0.00000e+00
       -1.92501 0.00000e+00 0.00000e+00 0.00000e+00 9.79778e-04 0.00000e+00 0.00000e+00
       -1.92271 0.00000e+00 0.00000e+00 0.00000e+00 9.90625e-04 0.00000e+00 0.00000e+00
       -1.92041 0.00000e+00 0.00000e+00 0.00000e+00 1.00174e-03 0.00000e+00 0.00000e+00
       -1.91811 0.00000e+00 0.00000e+00 0.00000e+00 1.01359e-03 0.00000e+00 0.00000e+00
       -1.91581 0.00000e+00 0.00000e+00 0.00000e+00 1.02555e-03 0.00000e+00 0.00000e+00
       -1.91351 0.00000e+00 0.00000e+00 0.00000e+00 1.03757e-03 0.00000e+00 0.00000e+00
       -1.91121 0.00000e+00 0.00000e+00 0.00000e+00 1.04965e-03 0.00000e+00 0.00000e+00
       -1.90891 0.00000e+00 0.00000e+00 0.00000e+00 1.06180e-03 0.00000e+00 0.00000e+00
       -1.90661 0.00000e+00 0.00000e+00 0.00000e+00 1.07401e-03 0.00000e+00 0.00000e+00
       -1.90430 0.00000e+00 0.00000e+00 0.00000e+00 1.08629e-03 0.00000e+00 0.00000e+00
       -1.90200 0.00000e+00 0.00000e+00 0.00000e+00 1.09864e-03 0.00000e+00 0.00000e+00
       -1.89970 0.00000e+00 0.00000e+00 0.00000e+00 1.11105e-03 0.00000e+00 0.00000e+00
       -1.89740 0.00000e+00 0.00000e+00 0.00000e+00 1.12352e-03 0.00000e+00 0.00000e+00
       -1.89510 0.00000e+00 0.00000e+00 0.00000e+00 1.13606e-03 0.00000e+00 0.00000e+00
       -1.89280 0.00000e+00 0.00000e+00 0.00000e+00 1.14867e-03 0.00000e+00 0.00000e+00
       -1.89050 0.00000e+00 0.00000e+00 0.00000e+00 1.16135e-03 0.00000e+00 0.00000e+00
       -1.88820 0.00000e+00 0.00000e+00 0.00000e+00 1.17409e-03 0.00000e+00 0.00000e+00
       -1.88590 0.00000e+00 0.00000e+00 0.00000e+00 1.18706e-03 0.00000e+00 0.00000e+00
       -1.88360 0.00000e+00 0.00000e+00 0.00000e+00 1.20084e-03 0.00000e+00 0.00000e+00
       -1.88129 0.00000e+00 0.00000e+00 0.00000e+00 1.21478e-03 0.00000e+00 0.00000e+00
       -1.87899 0.00000e+00 0.00000e+00 0.00000e+00 1.22879e-03 0.00000e+00 0.00000e+00
       -1.87669 0.00000e+00 0.00000e+00 0.00000e+00 1.24288e-03 0.00000e+00 0.00000e+00
       -1.87439 0.00000e+00 0.00000e+00 0.00000e+00 1.25704e-03 0.00000e+00 0.00000e+00
       -1.87209 0.00000e+00 0.00000e+00 0.00000e+00 1.27128e-03 0.00000e+00 0.00000e+00
       -1.86979 0.00000e+00 0.00000e+00 0.00000e+00 1.28559e-03 0.00000e+00 0.00000e+00
       -1.86749 0.00000e+00 0.00000e+00 0.00000e+00 1.29998e-03 0.00000e+00 0.00000e+00
       -1.86519 0.00000e+00 0.00000e+00 0.00000e+00 1.31445e-03 0.00000e+00 0.00000e+00
       -1.86289 0.00000e+00 0.00000e+00 0.00000e+00 1.32899e-03 0.00000e+00 0.00000e+00
       -1.86058 0.00000e+00 0.00000e+00 0.00000e+00 1.34361e-03 0.00000e+00 0.00000e+00
       -1.85828 0.00000e+00 0.00000e+00 0.00000e+00 1.35831e-03 0.00000e+00 0.00000e+00
       -1.85598 0.00000e+00 0.00000e+00 0.00000e+00 1.37308e-03 0.00000e+00 0.00000e+00
       -1.85368 0.00000e+00 0.00000e+00 0.00000e+00 1.38811e-03 0.00000e+00 0.00000e+00
       -1.85138 0.00000e+00 0.00000e+00 0.00000e+00 1.40399e-03 0.00000e+00 0.00000e+00
       -1.84908 0.00000e+00 0.00000e+00 0.00000e+00 1.42004e-03 0.00000e+00 0.00000e+00
       -1.84678 0.00000e+00 0.00000e+00 0.00000e+00 1.43618e-03 0.00000e+00 0.00000e+00
       -1.84448 0.00000e+00 0.00000e+00 0.00000e+00 1.45241e-03 0.00000e+00 0.00000e+00
       -1.84218 0.00000e+00 0.00000e+00 0.00000e+00 1.46871e-03 0.00000e+00 0.00000e+00
       -1.83988 0.00000e+00 0.00000e+00 0.00000e+00 1.48511e-03 0.00000e+00 0.00000e+00
       -1.83757 0.00000e+00 0.00000e+00 0.00000e+00 1.50159e-03 0.00000e+00 0.00000e+00
       -1.83527 0.00000e+00 0.00000e+00 0.00000e+00 1.51816e-03 0.00000e+00 0.00000e+00
       -1.83297 0.00000e+00 0.00000e+00 0.00000e+00 1.53482e-03 0.00000e+00 0.00000e+00
       -1.83067 0.00000e+00 0.00000e+00 0.00000e+00 1.55157e-03 0.00000e+00 0.00000e+00
       -1.82837 0.00000e+00 0.00000e+00 0.00000e+00 1.56841e-03 0.00000e+00 0.00000e+00
       -1.82607 0.00000e+00 0.00000e+00 0.00000e+00 1.58533e-03 0.00000e+00 0.00000e+00
       -1.82377 0.00000e+00 0.00000e+00 0.00000e+00 1.60252e-03 0.00000e+00 0.00000e+00
       -1.82147 0.00000e+00 0.00000e+00 0.00000e+00 1.62060e-03 0.00000e+00 0.00000e+00
       -1.81917 0.00000e+00 0.00000e+00 0.00000e+00 1.63889e-03 0.00000e+00 0.00000e+00
       -1.81687 0.00000e+00 0.00000e+00 0.00000e+00 1.65727e-03 0.00000e+00 0.00000e+00
       -1.81456 0.00000e+00 0.00000e+00 0.00000e+00 1.67576e-03 0.00000e+00 0.00000e+00
       -1.81226 0.00000e+00 0.00000e+00 0.00000e+00 1.69433e-03 0.00000e+00 0.00000e+00
       -1.80996 0.00000e+00 0.00000e+00 0.00000e+00 1.71301e-03 0.00000e+00 0.00000e+00
       -1.80766 0.00000e+00 0.00000e+00 0.00000e+00 1.73179e-03 0.00000e+00 0.00000e+00
       -1.80536 0.00000e+00 0.00000e+00 0.00000e+00 1.75067e-03 0.00000e+00 0.00000e+00
       -1.80306 0.00000e+00 0.00000e+00 0.00000e+00 1.76965e-03 0.00000e+00 0.00000e+00
       -1.80076 0.00000e+00 0.00000e+00 0.00000e+00 1.78873e-03 0.00000e+00 0.00000e+00
       -1.79846 0.00000e+00 0.00000e+00 0.00000e+00 1.80791e-03 0.00000e+00 0.00000e+00
       -1.79616 0.00000e+00 0.00000e+00 0.00000e+00 1.82727e-03 0.00000e+00 0.00000e+00
       -1.79385 0.00000e+00 0.00000e+00 0.00000e+00 1.84757e-03 0.00000e+00 0.00000e+00
       -1.79155 0.00000e+00 0.00000e+00 0.00000e+00 1.86818e-03 0.00000e+00 0.00000e+00
       -1.78925 0.00000e+00 0.00000e+00 0.00000e+00 1.88890e-03 0.00000e+00 0.00000e+00
       -1.78695 0.00000e+00 0.00000e+00 0.00000e+00 1.90974e-03 0.00000e+00 0.00000e+00
       -1.78465 0.00000e+00 0.00000e+00 0.00000e+00 1.93068e-03 0.00000e+00 0.00000e+00
       -1.78235 0.00000e+00 0.00000e+00 0.00000e+00 1.95174e-03 0.00000e+00 0.00000e+00
       -1.78005 0.00000e+00 0.00000e+00 0.00000e+00 1.97290e-03 0.00000e+00 0.00000e+00
       -1.77775 0.00000e+00 0.00000e+00 0.00000e+00 1.99418e-03 0.00000e+00 0.00000e+00
       -1.77545 0.00000e+00 0.00000e+00 0.00000e+00 2.01558e-03 0.00000e+00 0.00000e+00
       -1.77315 0.00000e+00 0.00000e+00 0.00000e+00 2.03708e-03 0.00000e+00 0.00000e+00
       -1.77085 0.00000e+00 0.00000e+00 0.00000e+00 2.05871e-03 0.00000e+00 0.00000e+00
       -1.76854 0.00000e+00 0.00000e+00 0.00000e+00 2.08095e-03 0.00000e+00 0.00000e+00
       -1.76624 0.00000e+00 0.00000e+00 0.00000e+00 2.10397e-03 0.00000e+00 0.00000e+00
       -1.76394 0.00000e+00 0.00000e+00 0.00000e+00 2.12711e-03 0.00000e+00 0.00000e+00
       -1.76164 0.00000e+00 0.00000e+00 0.00000e+00 2.15038e-03 0.00000e+00 0.00000e+00
       -1.75934 0.00000e+00 0.00000e+00 0.00000e+00 2.17376e-03 0.00000e+00 0.00000e+00
       -1.75704 0.00000e+00 0.00000e+00 0.00000e+00 2.19728e-03 0.00000e+00 0.00000e+00
       -1.75474 0.00000e+00 0.00000e+00 0.00000e+00 2.22091e-03 0.00000e+00 0.00000e+00
       -1.75244 0.00000e+00 0.00000e+00 0.00000e+00 2.24468e-03 0.00000e+00 0.00000e+00
       -1.75014 0.00000e+00 0.00000e+00 0.00000e+00 2.26856e-03 0.00000e+00 0.00000e+00
       -1.74784 0.00000e+00 0.00000e+00 0.00000e+00 2.29258e-03 0.00000e+00 0.00000e+00
       -1.74553 0.00000e+00 0.00000e+00 0.00000e+00 2.31674e-03 0.00000e+00 0.00000e+00
       -1.74323 0.00000e+00 0.00000e+00 0.00000e+00 2.34177e-03 0.00000e+00 0.00000e+00
       -1.74093 0.00000e+00 0.00000e+00 0.00000e+00 2.36737e-03 0.00000e+00 0.00000e+00
       -1.73863 0.00000e+00 0.00000e+00 0.00000e+00 2.39311e-03 0.00000e+00 0.00000e+00
       -1.73633 0.00000e+00 0.00000e+00 0.00000e+00 2.41898e-03 0.00000e+00 0.00000e+00
       -1.73403 0.00000e+00 0.00000e+00 0.00000e+00 2.44499e-03 0.00000e+00 0.00000e+00
       -1.73173 0.00000e+00 0.00000e+00 0.00000e+00 2.47114e-03 0.00000e+00 0.00000e+00
       -1.72943 0.00000e+00 0.00000e+00 0.00000e+00 2.49743e-03 0.00000e+00 0.00000e+00
       -1.72713 0.00000e+00 0.00000e+00 0.00000e+00 2.52386e-03 0.00000e+00 0.00000e+00
       -1.72482 0.00000e+00 0.00000e+00 0.00000e+00 2.55043e-03 0.00000e+00 0.00000e+00
       -1.72252 0.00000e+00 0.00000e+00 0.00000e+00 2.57714e-03 0.00000e+00 0.00000e+00
       -1.72022 0.00000e+00 0.00000e+00 0.00000e+00 2.60454e-03 0.00000e+00 0.00000e+00
       -1.71792 0.00000e+00 0.00000e+00 0.00000e+00 2.63276e-03 0.00000e+00 0.00000e+00
       -1.71562 0.00000e+00 0.00000e+00 0.00000e+00 2.66114e-03 0.00000e+00 0.00000e+00
       -1.71332 0.00000e+00 0.00000e+00 0.00000e+00 2.68967e-03 0.00000e+00 0.00000e+00
       -1.71102 0.00000e+00 0.00000e+00 0.00000e+00 2.71835e-03 0.00000e+00 0.00000e+00
       -1.70872 0.00000e+00 0.00000e+00 0.00000e+00 2.74718e-03 0.00000e+00 0.00000e+00
       -1.70642 0.00000e+00 0.00000e+00 0.00000e+00 2.77617e-03 0.00000e+00 0.00000e+00
       -1.70412 0.00000e+00 0.00000e+00 0.00000e+00 2.80530e-03 0.00000e+00 0.00000e+00
       -1.70181 0.00000e+00 0.00000e+00 0.00000e+00 2.83460e-03 0.00000e+00 0.00000e+00
       -1.69951 0.00000e+00 0.00000e+00 0.00000e+00 2.86409e-03 0.00000e+00 0.00000e+00
       -1.69721 0.00000e+00 0.00000e+00 0.00000e+00 2.89462e-03 0.00000e+00 0.00000e+00
       -1.69491 0.00000e+00 0.00000e+00 0.00000e+00 2.92565e-03 0.00000e+00 0.00000e+00
       -1.69261 0.00000e+00 0.00000e+00 0.00000e+00 2.95685e-03 0.00000e+00 0.00000e+00
       -1.69031 0.00000e+00 0.00000e+00 0.00000e+00 2.98821e-03 0.00000e+00 0.00000e+00
       -1.68801 0.00000e+00 0.00000e+00 0.00000e+00 3.01974e-03 0.00000e+00 0.00000e+00
       -1.68571 0.00000e+00 0.00000e+00 0.00000e+00 3.05144e-03 0.00000e+00 0.00000e+00
       -1.68341 0.00000e+00 0.00000e+00 0.00000e+00 3.08330e-03 0.00000e+00 0.00000e+00
       -1.68111 0.00000e+00 0.00000e+00 0.00000e+00 3.11534e-03 0.00000e+00 0.00000e+00
       -1.67880 0.00000e+00 0.00000e+00 0.00000e+00 3.14755e-03 0.00000e+00 0.00000e+00
       -1.67650 0.00000e+00 0.00000e+00 0.00000e+00 3.18064e-03 0.00000e+00 0.00000e+00
       -1.67420 0.00000e+00 0.00000e+00 0.00000e+00 3.21449e-03 0.00000e+00 0.00000e+00
       -1.67190 0.00000e+00 0.00000e+00 0.00000e+00 3.24851e-03 0.00000e+00 0.00000e+00
       -1.66960 0.00000e+00 0.00000e+00 0.00000e+00 3.28272e-03 0.00000e+00 0.00000e+00
       -1.66730 0.00000e+00 0.00000e+00 0.00000e+00 3.31711e-03 0.00000e+00 0.00000e+00
       -1.66500 0.00000e+00 0.00000e+00 0.00000e+00 3.35168e-03 0.00000e+00 0.00000e+00
       -1.66270 0.00000e+00 0.00000e+00 0.00000e+00 3.38643e-03 0.00000e+00 0.00000e+00
       -1.66040 0.00000e+00 0.00000e+00 0.00000e+00 3.42137e-03 0.00000e+00 0.00000e+00
       -1.65810 0.00000e+00 0.00000e+00 0.00000e+00 3.45655e-03 0.00000e+00 0.00000e+00
       -1.65579 0.00000e+00 0.00000e+00 0.00000e+00 3.49283e-03 0.00000e+00 0.00000e+00
       -1.65349 0.00000e+00 0.00000e+00 0.00000e+00 3.52966e-03 0.00000e+00 0.00000e+00
       -1.65119 0.00000e+00 0.00000e+00 0.00000e+00 3.56669e-03 0.00000e+00 0.00000e+00
       -1.64889 0.00000e+00 0.00000e+00 0.00000e+00 3.60391e-03 0.00000e+00 0.00000e+00
       -1.64659 0.00000e+00 0.00000e+00 0.00000e+00 3.64133e-03 0.00000e+00 0.00000e+00
       -1.64429 0.00000e+00 0.00000e+00 0.00000e+00 3.67894e-03 0.00000e+00 0.00000e+00
       -1.64199 0.00000e+00 0.00000e+00 0.00000e+00 3.71675e-03 0.00000e+00 0.00000e+00
       -1.63969 0.00000e+00 0.00000e+00 0.00000e+00 3.75477e-03 0.00000e+00 0.00000e+00
       -1.63739 0.00000e+00 0.00000e+00 0.00000e+00 3.79351e-03 0.00000e+00 0.00000e+00
       -1.63508 0.00000e+00 0.00000e+00 0.00000e+00 3.83327e-03 0.00000e+00 0.00000e+00
       -1.63278 0.00000e+00 0.00000e+00 0.00000e+00 3.87325e-03 0.00000e+00 0.00000e+00
       -1.63048 0.00000e+00 0.00000e+00 0.00000e+00 3.91344e-03 0.00000e+00 0.00000e+00
       -1.62818 0.00000e+00 0.00000e+00 0.00000e+00 3.95384e-03 0.00000e+00 0.00000e+00
       -1.62588 0.00000e+00 0.00000e+00 0.00000e+00 3.99446e-03 0.00000e+00 0.00000e+00
       -1.62358 0.00000e+00 0.00000e+00 0.00000e+00 4.03529e-03 0.00000e+00 0.00000e+00
       -1.62128 0.00000e+00 0.00000e+00 0.00000e+00 4.07634e-03 0.00000e+00 0.00000e+00
       -1.61898 0.00000e+00 0.00000e+00 0.00000e+00 4.11810e-03 0.00000e+00 0.00000e+00
       -1.61668 0.00000e+00 0.00000e+00 0.00000e+00 4.16093e-03 0.00000e+00 0.00000e+00
       -1.61437 0.00000e+00 0.00000e+00 0.00000e+00 4.20400e-03 0.00000e+00 0.00000e+00
       -1.61207 0.00000e+00 0.00000e+00 0.00000e+00 4.24730e-03 0.00000e+00 0.00000e+00
       -1.60977 0.00000e+00 0.00000e+00 0.00000e+00 4.29083e-03 0.00000e+00 0.00000e+00
       -1.60747 0.00000e+00 0.00000e+00 0.00000e+00 4.33459e-03 0.00000e+00 0.00000e+00
       -1.60517 0.00000e+00 0.00000e+00 0.00000e+00 4.37858e-03 0.00000e+00 0.00000e+00
       -1.60287 0.00000e+00 0.00000e+00 0.00000e+00 4.42282e-03 0.00000e+00 0.00000e+00
       -1.60057 0.00000e+00 0.00000e+00 0.00000e+00 4.46816e-03 0.00000e+00 0.00000e+00
       -1.59827 0.00000e+00 0.00000e+00 0.00000e+00 4.51424e-03 0.00000e+00 0.00000e+00
       -1.59597 0.00000e+00 0.00000e+00 0.00000e+00 4.56057e-03 0.00000e+00 0.00000e+00
       -1.59367 0.00000e+00 0.00000e+00 0.00000e+00 4.60715e-03 0.00000e+00 0.00000e+00
       -1.59136 0.00000e+00 0.00000e+00 0.00000e+00 4.65397e-03 0.00000e+00 0.00000e+00
       -1.58906 0.00000e+00 0.00000e+00 0.00000e+00 4.70104e-03 0.00000e+00 0.00000e+00
       -1.58676 0.00000e+00 0.00000e+00 0.00000e+00 4.74836e-03 0.00000e+00 0.00000e+00
       -1.58446 0.00000e+00 0.00000e+00 0.00000e+00 4.79632e-03 0.00000e+00 0.00000e+00
       -1.58216 0.00000e+00 0.00000e+00 0.00000e+00 4.84551e-03 0.00000e+00 0.00000e+00
       -1.57986 0.00000e+00 0.00000e+00 0.00000e+00 4.89501e-03 0.00000e+00 0.00000e+00
       -1.57756 0.00000e+00 0.00000e+00 0.00000e+00 4.94477e-03 0.00000e+00 0.00000e+00
       -1.57526 0.00000e+00 0.00000e+00 0.00000e+00 4.99481e-03 0.00000e+00 0.00000e+00
       -1.57296 0.00000e+00 0.00000e+00 0.00000e+00 5.04510e-03 0.00000e+00 0.00000e+00
       -1.57065 0.00000e+00 0.00000e+00 0.00000e+00 5.09566e-03 0.00000e+00 0.00000e+00
       -1.56835 0.00000e+00 0.00000e+00 0.00000e+00 5.14675e-03 0.00000e+00 0.00000e+00
       -1.56605 0.00000e+00 0.00000e+00 0.00000e+00 5.19914e-03 0.00000e+00 0.00000e+00
       -1.56375 0.00000e+00 0.00000e+00 0.00000e+00 5.25191e-03 0.00000e+00 0.00000e+00
       -1.56145 0.00000e+00 0.00000e+00 0.00000e+00 5.30495e-03 0.00000e+00 0.00000e+00
       -1.55915 0.00000e+00 0.00000e+00 0.00000e+00 5.35828e-03 0.00000e+00 0.00000e+00
       -1.55685 0.00000e+00 0.00000e+00 0.00000e+00 5.41189e-03 0.00000e+00 0.00000e+00
       -1.55455 0.00000e+00 0.00000e+00 0.00000e+00 5.46579e-03 0.00000e+00 0.00000e+00
       -1.55225 0.00000e+00 0.00000e+00 0.00000e+00 5.52038e-03 0.00000e+00 0.00000e+00
       -1.54995 0.00000e+00 0.00000e+00 0.00000e+00 5.57622e-03 0.00000e+00 0.00000e+00
       -1.54764 0.00000e+00 0.00000e+00 0.00000e+00 5.63241e-03 0.00000e+00 0.00000e+00
       -1.54534 0.00000e+00 0.00000e+00 0.00000e+00 5.68889e-03 0.00000e+00 0.00000e+00
       -1.54304 0.00000e+00 0.00000e+00 0.00000e+00 5.74567e-03 0.00000e+00 0.00000e+00
       -1.54074 0.00000e+00 0.00000e+00 0.00000e+00 5.80275e-03 0.00000e+00 0.00000e+00
       -1.53844 0.00000e+00 0.00000e+00 0.00000e+00 5.86015e-03 0.00000e+00 0.00000e+00
       -1.53614 0.00000e+00 0.00000e+00 0.00000e+00 5.91875e-03 0.00000e+00 0.00000e+00
       -1.53384 0.00000e+00 0.00000e+00 0.00000e+00 5.97820e-03 0.00000e+00 0.00000e+00
       -1.53154 0.00000e+00 0.00000e+00 0.00000e+00 6.03797e-03 0.00000e+00 0.00000e+00
       -1.52924 0.00000e+00 0.00000e+00 0.00000e+00 6.09805e-03 0.00000e+00 0.00000e+00
       -1.52694 0.00000e+00 0.00000e+00 0.00000e+00 6.15845e-03 0.00000e+00 0.00000e+00
       -1.52463 0.00000e+00 0.00000e+00 0.00000e+00 6.21918e-03 0.00000e+00 0.00000e+00
       -1.52233 0.00000e+00 0.00000e+00 0.00000e+00 6.28061e-03 0.00000e+00 0.00000e+00
       -1.52003 0.00000e+00 0.00000e+00 0.00000e+00 6.34335e-03 0.00000e+00 0.00000e+00
       -1.51773 0.00000e+00 0.00000e+00 0.00000e+00 6.40647e-03 0.00000e+00 0.00000e+00
       -1.51543 0.00000e+00 0.00000e+00 0.00000e+00 6.46993e-03 0.00000e+00 0.00000e+00
       -1.51313 0.00000e+00 0.00000e+00 0.00000e+00 6.53373e-03 0.00000e+00 0.00000e+00
       -1.51083 0.00000e+00 0.00000e+00 0.00000e+00 6.59787e-03 0.00000e+00 0.00000e+00
       -1.50853 0.00000e+00 0.00000e+00 0.00000e+00 6.66256e-03 0.00000e+00 0.00000e+00
       -1.50623 0.00000e+00 0.00000e+00 0.00000e+00 6.72868e-03 0.00000e+00 0.00000e+00
       -1.50393 0.00000e+00 0.00000e+00 0.00000e+00 6.79530e-03 0.00000e+00 0.00000e+00
       -1.50162 0.00000e+00 0.00000e+00 0.00000e+00 6.86228e-03 0.00000e+00 0.00000e+00
       -1.49932 0.00000e+00 0.00000e+00 0.00000e+00 6.92961e-03 0.00000e+00 0.00000e+00
       -1.49702 0.00000e+00 0.00000e+00 0.00000e+00 6.99732e-03 0.00000e+00 0.00000e+00
       -1.49472 0.00000e+00 0.00000e+00 0.00000e+00 7.06559e-03 0.00000e+00 0.00000e+00
       -1.49242 0.00000e+00 0.00000e+00 0.00000e+00 7.13531e-03 0.00000e+00 0.00000e+00
       -1.49012 0.00000e+00 0.00000e+00 0.00000e+00 7.20553e-03 0.00000e+00 0.00000e+00
       -1.48782 0.00000e+00 0.00000e+00 0.00000e+00 7.27613e-03 0.00000e+00 0.00000e+00
       -1.48552 0.00000e+00 0.00000e+00 0.00000e+00 7.34710e-03 0.00000e+00 0.00000e+00
       -1.48322 0.00000e+00 0.00000e+00 0.00000e+00 7.41846e-03 0.00000e+00 0.00000e+00
       -1.48091 0.00000e+00 0.00000e+00 0.00000e+00 7.49059e-03 0.00000e+00 0.00000e+00
       -1.47861 0.00000e+00 0.00000e+00 0.00000e+00 7.56409e-03 0.00000e+00 0.00000e+00
       -1.47631 0.00000e+00 0.00000e+00 0.00000e+00 7.63803e-03 0.00000e+00 0.00000e+00
       -1.47401 0.00000e+00 0.00000e+00 0.00000e+00 7.71237e-03 0.00000e+00 0.00000e+00
       -1.47171 0.00000e+00 0.00000e+00 0.00000e+00 7.78710e-03 0.00000e+00 0.00000e+00
       -1.46941 0.00000e+00 0.00000e+00 0.00000e+00 7.86223e-03 0.00000e+00 0.00000e+00
       -1.46711 0.00000e+00 0.00000e+00 0.00000e+00 7.93863e-03 0.00000e+00 0.00000e+00
       -1.46481 0.00000e+00 0.00000e+00 0.00000e+00 8.01601e-03 0.00000e+00 0.00000e+00
       -1.46251 0.00000e+00 0.00000e+00 0.00000e+00 8.09379e-03 0.00000e+00 0.00000e+00
       -1.46021 0.00000e+00 0.00000e+00 0.00000e+00 8.17199e-03 0.00000e+00 0.00000e+00
       -1.45791 0.00000e+00 0.00000e+00 0.00000e+00 8.25061e-03 0.00000e+00 0.00000e+00
       -1.45560 0.00000e+00 0.00000e+00 0.00000e+00 8.32994e-03 0.00000e+00 0.00000e+00
       -1.45330 0.00000e+00 0.00000e+00 0.00000e+00 8.41073e-03 0.00000e+00 0.00000e+00
       -1.45100 0.00000e+00 0.00000e+00 0.00000e+00 8.49205e-03 0.00000e+00 0.00000e+00
       -1.44870 0.00000e+00 0.00000e+00 0.00000e+00 8.57379e-03 0.00000e+00 0.00000e+00
       -1.44640 0.00000e+00 0.00000e+00 0.00000e+00 8.65598e-03 0.00000e+00 0.00000e+00
       -1.44410 0.00000e+00 0.00000e+00 0.00000e+00 8.73867e-03 0.00000e+00 0.00000e+00
       -1.44180 0.00000e+00 0.00000e+00 0.00000e+00 8.82285e-03 0.00000e+00 0.00000e+00
       -1.43950 0.00000e+00 0.00000e+00 0.00000e+00 8.90781e-03 0.00000e+00 0.00000e+00
       -1.43720 0.00000e+00 0.00000e+00 0.00000e+00 8.99322e-03 0.00000e+00 0.00000e+00
       -1.43490 0.00000e+00 0.00000e+00 0.00000e+00 9.07908e-03 0.00000e+00 0.00000e+00
       -1.43259 0.00000e+00 0.00000e+00 0.00000e+00 9.16542e-03 0.00000e+00 0.00000e+00
       -1.43029 0.00000e+00 0.00000e+00 0.00000e+00 9.25312e-03 0.00000e+00 0.00000e+00
       -1.42799 0.00000e+00 0.00000e+00 0.00000e+00 9.34180e-03 0.00000e+00 0.00000e+00
       -1.42569 0.00000e+00 0.00000e+00 0.00000e+00 9.43094e-03 0.00000e+00 0.00000e+00
       -1.42339 0.00000e+00 0.00000e+00 0.00000e+00 9.52058e-03 0.00000e+00 0.00000e+00
       -1.42109 0.00000e+00 0.00000e+00 0.00000e+00 9.61071e-03 0.00000e+00 0.00000e+00
       -1.41879 0.00000e+00 0.00000e+00 0.00000e+00 9.70210e-03 0.00000e+00 0.00000e+00
       -1.41649 0.00000e+00 0.00000e+00 0.00000e+00 9.79448e-03 0.00000e+00 0.00000e+00
       -1.41419 0.00000e+00 0.00000e+00 0.00000e+00 9.88734e-03 0.00000e+00 0.00000e+00
       -1.41188 0.00000e+00 0.00000e+00 0.00000e+00 9.98070e-03 0.00000e+00 0.00000e+00
       -1.40958 0.00000e+00 0.00000e+00 0.00000e+00 1.00746e-02 0.00000e+00 0.00000e+00
       -1.40728 0.00000e+00 0.00000e+00 0.00000e+00 1.01701e-02 0.00000e+00 0.00000e+00
       -1.40498 0.00000e+00 0.00000e+00 0.00000e+00 1.02666e-02 0.00000e+00 0.00000e+00
       -1.40268 0.00000e+00 0.00000e+00 0.00000e+00 1.03636e-02 0.00000e+00 0.00000e+00
       -1.40038 0.00000e+00 0.00000e+00 0.00000e+00 1.04611e-02 0.00000e+00 0.00000e+00
       -1.39808 0.00000e+00 0.00000e+00 0.00000e+00 1.05593e-02 0.00000e+00 0.00000e+00
       -1.39578 0.00000e+00 0.00000e+00 0.00000e+00 1.06589e-02 0.00000e+00 0.00000e+00
       -1.39348 0.00000e+00 0.00000e+00 0.00000e+00 1.07593e-02 0.00000e+00 0.00000e+00
       -1.39118 0.00000e+00 0.00000e+00 0.00000e+00 1.08602e-02 0.00000e+00 0.00000e+00
       -1.38887 0.00000e+00 0.00000e+00 0.00000e+00 1.09616e-02 0.00000e+00 0.00000e+00
       -1.38657 0.00000e+00 0.00000e+00 0.00000e+00 1.10640e-02 0.00000e+00 0.00000e+00
       -1.38427 0.00000e+00 0.00000e+00 0.00000e+00 1.11678e-02 0.00000e+00 0.00000e+00
       -1.38197 0.00000e+00 0.00000e+00 0.00000e+00 1.12722e-02 0.00000e+00 0.00000e+00
       -1.37967 0.00000e+00 0.00000e+00 0.00000e+00 1.13771e-02 0.00000e+00 0.00000e+00
       -1.37737 0.00000e+00 0.00000e+00 0.00000e+00 1.14827e-02 0.00000e+00 0.00000e+00
       -1.37507 0.00000e+00 0.00000e+00 0.00000e+00 1.15898e-02 0.00000e+00 0.00000e+00
       -1.37277 0.00000e+00 0.00000e+00 0.00000e+00 1.16980e-02 0.00000e+00 0.00000e+00
       -1.37047 0.00000e+00 0.00000e+00 0.00000e+00 1.18068e-02 0.00000e+00 0.00000e+00
       -1.36817 0.00000e+00 0.00000e+00 0.00000e+00 1.19161e-02 0.00000e+00 0.00000e+00
       -1.36586 0.00000e+00 0.00000e+00 0.00000e+00 1.20264e-02 0.00000e+00 0.00000e+00
       -1.36356 0.00000e+00 0.00000e+00 0.00000e+00 1.21383e-02 0.00000e+00 0.00000e+00
       -1.36126 0.00000e+00 0.00000e+00 0.00000e+00 1.22508e-02 0.00000e+00 0.00000e+00
       -1.35896 0.00000e+00 0.00000e+00 0.00000e+00 1.23638e-02 0.00000e+00 0.00000e+00
       -1.35666 0.00000e+00 0.00000e+00 0.00000e+00 1.24776e-02 0.00000e+00 0.00000e+00
       -1.35436 0.00000e+00 0.00000e+00 0.00000e+00 1.25929e-02 0.00000e+00 0.00000e+00
       -1.35206 0.00000e+00 0.00000e+00 0.00000e+00 1.27089e-02 0.00000e+00 0.00000e+00
       -1.34976 0.00000e+00 0.00000e+00 0.00000e+00 1.28256e-02 0.00000e+00 0.00000e+00
       -1.34746 0.00000e+00 0.00000e+00 0.00000e+00 1.29429e-02 0.00000e+00 0.00000e+00
       -1.34515 0.00000e+00 0.00000e+00 0.00000e+00 1.30619e-02 0.00000e+00 0.00000e+00
       -1.34285 0.00000e+00 0.00000e+00 0.00000e+00 1.31818e-02 0.00000e+00 0.00000e+00
       -1.34055 0.00000e+00 0.00000e+00 0.00000e+00 1.33025e-02 0.00000e+00 0.00000e+00
       -1.33825 0.00000e+00 0.00000e+00 0.00000e+00 1.34237e-02 0.00000e+00 0.00000e+00
       -1.33595 0.00000e+00 0.00000e+00 0.00000e+00 1.35464e-02 0.00000e+00 0.00000e+00
       -1.33365 0.00000e+00 0.00000e+00 0.00000e+00 1.36705e-02 0.00000e+00 0.00000e+00
       -1.33135 0.00000e+00 0.00000e+00 0.00000e+00 1.37951e-02 0.00000e+00 0.00000e+00
       -1.32905 0.00000e+00 0.00000e+00 0.00000e+00 1.39205e-02 0.00000e+00 0.00000e+00
       -1.32675 0.00000e+00 0.00000e+00 0.00000e+00 1.40471e-02 0.00000e+00 0.00000e+00
       -1.32445 0.00000e+00 0.00000e+00 0.00000e+00 1.41750e-02 0.00000e+00 0.00000e+00
       -1.32214 0.00000e+00 0.00000e+00 0.00000e+00 1.43036e-02 0.00000e+00 0.00000e+00
       -1.31984 0.00000e+00 0.00000e+00 0.00000e+00 1.44329e-02 0.00000e+00 0.00000e+00
       -1.31754 0.00000e+00 0.00000e+00 0.00000e+00 1.45634e-02 0.00000e+00 0.00000e+00
       -1.31524 0.00000e+00 0.00000e+00 0.00000e+00 1.46951e-02 0.00000e+00 0.00000e+00
       -1.31294 0.00000e+00 0.00000e+00 0.00000e+00 1.48275e-02 0.00000e+00 0.00000e+00
       -1.31064 0.00000e+00 0.00000e+00 0.00000e+00 1.49606e-02 0.00000e+00 0.00000e+00
       -1.30834 0.00000e+00 0.00000e+00 0.00000e+00 1.50954e-02 0.00000e+00 0.00000e+00
       -1.30604 0.00000e+00 0.00000e+00 0.00000e+00 1.52315e-02 0.00000e+00 0.00000e+00
       -1.30374 0.00000e+00 0.00000e+00 0.00000e+00 1.53683e-02 0.00000e+00 0.00000e+00
       -1.30143 0.00000e+00 0.00000e+00 0.00000e+00 1.55059e-02 0.00000e+00 0.00000e+00
       -1.29913 0.00000e+00 0.00000e+00 0.00000e+00 1.56449e-02 0.00000e+00 0.00000e+00
       -1.29683 0.00000e+00 0.00000e+00 0.00000e+00 1.57850e-02 0.00000e+00 0.00000e+00
       -1.29453 0.00000e+00 0.00000e+00 0.00000e+00 1.59258e-02 0.00000e+00 0.00000e+00
       -1.29223 0.00000e+00 0.00000e+00 0.00000e+00 1.60676e-02 0.00000e+00 0.00000e+00
       -1.28993 0.00000e+00 0.00000e+00 0.00000e+00 1.62111e-02 0.00000e+00 0.00000e+00
       -1.28763 0.00000e+00 0.00000e+00 0.00000e+00 1.63556e-02 0.00000e+00 0.00000e+00
       -1.28533 0.00000e+00 0.00000e+00 0.00000e+00 1.65007e-02 0.00000e+00 0.00000e+00
       -1.28303 0.00000e+00 0.00000e+00 0.00000e+00 1.66473e-02 0.00000e+00 0.00000e+00
       -1.28073 0.00000e+00 0.00000e+00 0.00000e+00 1.67954e-02 0.00000e+00 0.00000e+00
       -1.27842 0.00000e+00 0.00000e+00 0.00000e+00 1.69443e-02 0.00000e+00 0.00000e+00
       -1.27612 0.00000e+00 0.00000e+00 0.00000e+00 1.70940e-02 0.00000e+00 0.00000e+00
       -1.27382 0.00000e+00 0.00000e+00 0.00000e+00 1.72452e-02 0.00000e+00 0.00000e+00
       -1.27152 0.00000e+00 0.00000e+00 0.00000e+00 1.73973e-02 0.00000e+00 0.00000e+00
       -1.26922 0.00000e+00 0.00000e+00 0.00000e+00 1.75503e-02 0.00000e+00 0.00000e+00
       -1.26692 0.00000e+00 0.00000e+00 0.00000e+00 1.77045e-02 0.00000e+00 0.00000e+00
       -1.26462 0.00000e+00 0.00000e+00 0.00000e+00 1.78602e-02 0.00000e+00 0.00000e+00
       -1.26232 0.00000e+00 0.00000e+00 0.00000e+00 1.80167e-02 0.00000e+00 0.00000e+00
       -1.26002 0.00000e+00 0.00000e+00 0.00000e+00 1.81742e-02 0.00000e+00 0.00000e+00
       -1.25771 0.00000e+00 0.00000e+00 0.00000e+00 1.83336e-02 0.00000e+00 0.00000e+00
       -1.25541 0.00000e+00 0.00000e+00 0.00000e+00 1.84941e-02 0.00000e+00 0.00000e+00
       -1.25311 0.00000e+00 0.00000e+00 0.00000e+00 1.86555e-02 0.00000e+00 0.00000e+00
       -1.25081 0.00000e+00 0.00000e+00 0.00000e+00 1.88181e-02 0.00000e+00 0.00000e+00
       -1.24851 0.00000e+00 0.00000e+00 0.00000e+00 1.89821e-02 0.00000e+00 0.00000e+00
       -1.24621 0.00000e+00 0.00000e+00 0.00000e+00 1.91470e-02 0.00000e+00 0.00000e+00
       -1.24391 0.00000e+00 0.00000e+00 0.00000e+00 1.93129e-02 0.00000e+00 0.00000e+00
       -1.24161 0.00000e+00 0.00000e+00 0.00000e+00 1.94803e-02 0.00000e+00 0.00000e+00
       -1.23931 0.00000e+00 0.00000e+00 0.00000e+00 1.96488e-02 0.00000e+00 0.00000e+00
       -1.23701 0.00000e+00 0.00000e+00 0.00000e+00 1.98181e-02 0.00000e+00 0.00000e+00
       -1.23470 0.00000e+00 0.00000e+00 0.00000e+00 1.99893e-02 0.00000e+00 0.00000e+00
       -1.23240 0.00000e+00 0.00000e+00 0.00000e+00 2.01617e-02 0.00000e+00 0.00000e+00
       -1.23010 0.00000e+00 0.00000e+00 0.00000e+00 2.03349e-02 0.00000e+00 0.00000e+00
       -1.22780 0.00000e+00 0.00000e+00 0.00000e+00 2.05099e-02 0.00000e+00 0.00000e+00
       -1.22550 0.00000e+00 0.00000e+00 0.00000e+00 2.06862e-02 0.00000e+00 0.00000e+00
       -1.22320 0.00000e+00 0.00000e+00 0.00000e+00 2.08636e-02 0.00000e+00 0.00000e+00
       -1.22090 0.00000e+00 0.00000e+00 0.00000e+00 2.10421e-02 0.00000e+00 0.00000e+00
       -1.21860 0.00000e+00 0.00000e+00 0.00000e+00 2.12219e-02 0.00000e+00 0.00000e+00
       -1.21630 0.00000e+00 0.00000e+00 0.00000e+00 2.14027e-02 0.00000e+00 0.00000e+00
       -1.21400 0.00000e+00 0.00000e+00 0.00000e+00 2.15849e-02 0.00000e+00 0.00000e+00
       -1.21169 0.00000e+00 0.00000e+00 0.00000e+00 2.17689e-02 0.00000e+00 0.00000e+00
       -1.20939 0.00000e+00 0.00000e+00 0.00000e+00 2.19539e-02 0.00000e+00 0.00000e+00
       -1.20709 0.00000e+00 0.00000e+00 0.00000e+00 2.21400e-02 0.00000e+00 0.00000e+00
       -1.20479 0.00000e+00 0.00000e+00 0.00000e+00 2.23276e-02 0.00000e+00 0.00000e+00
       -1.20249 0.00000e+00 0.00000e+00 0.00000e+00 2.25163e-02 0.00000e+00 0.00000e+00
       -1.20019 0.00000e+00 0.00000e+00 0.00000e+00 2.27061e-02 0.00000e+00 0.00000e+00
       -1.19789 0.00000e+00 0.00000e+00 0.00000e+00 2.28977e-02 0.00000e+00 0.00000e+00
       -1.19559 0.00000e+00 0.00000e+00 0.00000e+00 2.30904e-02 0.00000e+00 0.00000e+00
       -1.19329 0.00000e+00 0.00000e+00 0.00000e+00 2.32844e-02 0.00000e+00 0.00000e+00
       -1.19098 0.00000e+00 0.00000e+00 0.00000e+00 2.34801e-02 0.00000e+00 0.00000e+00
       -1.18868 0.00000e+00 0.00000e+00 0.00000e+00 2.36769e-02 0.00000e+00 0.00000e+00
       -1.18638 0.00000e+00 0.00000e+00 0.00000e+00 2.38750e-02 0.00000e+00 0.00000e+00
       -1.18408 0.00000e+00 0.00000e+00 0.00000e+00 2.40745e-02 0.00000e+00 0.00000e+00
       -1.18178 0.00000e+00 0.00000e+00 0.00000e+00 2.42751e-02 0.00000e+00 0.00000e+00
       -1.17948 0.00000e+00 0.00000e+00 0.00000e+00 2.44773e-02 0.00000e+00 0.00000e+00
       -1.17718 0.00000e+00 0.00000e+00 0.00000e+00 2.46811e-02 0.00000e+00 0.00000e+00
       -1.17488 0.00000e+00 0.00000e+00 0.00000e+00 2.48860e-02 0.00000e+00 0.00000e+00
       -1.17258 0.00000e+00 0.00000e+00 0.00000e+00 2.50924e-02 0.00000e+00 0.00000e+00
       -1.17028 0.00000e+00 0.00000e+00 0.00000e+00 2.53002e-02 0.00000e+00 0.00000e+00
       -1.16797 0.00000e+00 0.00000e+00 0.00000e+00 2.55091e-02 0.00000e+00 0.00000e+00
       -1.16567 0.00000e+00 0.00000e+00 0.00000e+00 2.57196e-02 0.00000e+00 0.00000e+00
       -1.16337 0.00000e+00 0.00000e+00 0.00000e+00 2.59315e-02 0.00000e+00 0.00000e+00
       -1.16107 0.00000e+00 0.00000e+00 0.00000e+00 2.61446e-02 0.00000e+00 0.00000e+00
       -1.15877 0.00000e+00 0.00000e+00 0.00000e+00 2.63593e-02 0.00000e+00 0.00000e+00
       -1.15647 0.00000e+00 0.00000e+00 0.00000e+00 2.65753e-02 0.00000e+00 0.00000e+00
       -1.15417 0.00000e+00 0.00000e+00 0.00000e+00 2.67927e-02 0.00000e+00 0.00000e+00
       -1.15187 0.00000e+00 0.00000e+00 0.00000e+00 2.70117e-02 0.00000e+00 0.00000e+00
       -1.14957 0.00000e+00 0.00000e+00 0.00000e+00 2.72319e-02 0.00000e+00 0.00000e+00
       -1.14727 0.00000e+00 0.00000e+00 0.00000e+00 2.74537e-02 0.00000e+00 0.00000e+00
       -1.14497 0.00000e+00 0.00000e+00 0.00000e+00 2.76770e-02 0.00000e+00 0.00000e+00
       -1.14266 0.00000e+00 0.00000e+00 0.00000e+00 2.79015e-02 0.00000e+00 0.00000e+00
       -1.14036 0.00000e+00 0.00000e+00 0.00000e+00 2.81275e-02 0.00000e+00 0.00000e+00
       -1.13806 0.00000e+00 0.00000e+00 0.00000e+00 2.83548e-02 0.00000e+00 0.00000e+00
       -1.13576 0.00000e+00 0.00000e+00 0.00000e+00 2.85836e-02 0.00000e+00 0.00000e+00
       -1.13346 0.00000e+00 0.00000e+00 0.00000e+00 2.88140e-02 0.00000e+00 0.00000e+00
       -1.13116 0.00000e+00 0.00000e+00 0.00000e+00 2.90457e-02 0.00000e+00 0.00000e+00
       -1.12886 0.00000e+00 0.00000e+00 0.00000e+00 2.92793e-02 0.00000e+00 0.00000e+00
       -1.12656 0.00000e+00 0.00000e+00 0.00000e+00 2.95142e-02 0.00000e+00 0.00000e+00
       -1.12426 0.00000e+00 0.00000e+00 0.00000e+00 2.97505e-02 0.00000e+00 0.00000e+00
       -1.12196 0.00000e+00 0.00000e+00 0.00000e+00 2.99883e-02 0.00000e+00 0.00000e+00
       -1.11965 0.00000e+00 0.00000e+00 0.00000e+00 3.02275e-02 0.00000e+00 0.00000e+00
       -1.11735 0.00000e+00 0.00000e+00 0.00000e+00 3.04685e-02 0.00000e+00 0.00000e+00
       -1.11505 0.00000e+00 0.00000e+00 0.00000e+00 3.07110e-02 0.00000e+00 0.00000e+00
       -1.11275 0.00000e+00 0.00000e+00 0.00000e+00 3.09549e-02 0.00000e+00 0.00000e+00
       -1.11045 0.00000e+00 0.00000e+00 0.00000e+00 3.12003e-02 0.00000e+00 0.00000e+00
       -1.10815 0.00000e+00 0.00000e+00 0.00000e+00 3.14471e-02 0.00000e+00 0.00000e+00
       -1.10585 0.00000e+00 0.00000e+00 0.00000e+00 3.16955e-02 0.00000e+00 0.00000e+00
       -1.10355 0.00000e+00 0.00000e+00 0.00000e+00 3.19453e-02 0.00000e+00 0.00000e+00
       -1.10125 0.00000e+00 0.00000e+00 0.00000e+00 3.21966e-02 0.00000e+00 0.00000e+00
       -1.09894 0.00000e+00 0.00000e+00 0.00000e+00 3.24495e-02 0.00000e+00 0.00000e+00
       -1.09664 0.00000e+00 0.00000e+00 0.00000e+00 3.27038e-02 0.00000e+00 0.00000e+00
       -1.09434 0.00000e+00 0.00000e+00 0.00000e+00 3.29598e-02 0.00000e+00 0.00000e+00
       -1.09204 0.00000e+00 0.00000e+00 0.00000e+00 3.32172e-02 0.00000e+00 0.00000e+00
       -1.08974 0.00000e+00 0.00000e+00 0.00000e+00 3.34762e-02 0.00000e+00 0.00000e+00
       -1.08744 0.00000e+00 0.00000e+00 0.00000e+00 3.37367e-02 0.00000e+00 0.00000e+00
       -1.08514 0.00000e+00 0.00000e+00 0.00000e+00 3.39987e-02 0.00000e+00 0.00000e+00
       -1.08284 0.00000e+00 0.00000e+00 0.00000e+00 3.42620e-02 0.00000e+00 0.00000e+00
       -1.08054 0.00000e+00 0.00000e+00 0.00000e+00 3.45269e-02 0.00000e+00 0.00000e+00
       -1.07824 0.00000e+00 0.00000e+00 0.00000e+00 3.47938e-02 0.00000e+00 0.00000e+00
       -1.07593 0.00000e+00 0.00000e+00 0.00000e+00 3.50622e-02 0.00000e+00 0.00000e+00
       -1.07363 0.00000e+00 0.00000e+00 0.00000e+00 3.53321e-02 0.00000e+00 0.00000e+00
       -1.07133 0.00000e+00 0.00000e+00 0.00000e+00 3.56033e-02 0.00000e+00 0.00000e+00
       -1.06903 0.00000e+00 0.00000e+00 0.00000e+00 3.58764e-02 0.00000e+00 0.00000e+00
       -1.06673 0.00000e+00 0.00000e+00 0.00000e+00 3.61510e-02 0.00000e+00 0.00000e+00
       -1.06443 0.00000e+00 0.00000e+00 0.00000e+00 3.64270e-02 0.00000e+00 0.00000e+00
       -1.06213 0.00000e+00 0.00000e+00 0.00000e+00 3.67046e-02 0.00000e+00 0.00000e+00
       -1.05983 0.00000e+00 0.00000e+00 0.00000e+00 3.69838e-02 0.00000e+00 0.00000e+00
       -1.05753 0.00000e+00 0.00000e+00 0.00000e+00 3.72647e-02 0.00000e+00 0.00000e+00
       -1.05523 0.00000e+00 0.00000e+00 0.00000e+00 3.75472e-02 0.00000e+00 0.00000e+00
       -1.05292 0.00000e+00 0.00000e+00 0.00000e+00 3.78311e-02 0.00000e+00 0.00000e+00
       -1.05062 0.00000e+00 0.00000e+00 0.00000e+00 3.81166e-02 0.00000e+00 0.00000e+00
       -1.04832 0.00000e+00 0.00000e+00 0.00000e+00 3.84040e-02 0.00000e+00 0.00000e+00
       -1.04602 0.00000e+00 0.00000e+00 0.00000e+00 3.86930e-02 0.00000e+00 0.00000e+00
       -1.04372 0.00000e+00 0.00000e+00 0.00000e+00 3.89835e-02 0.00000e+00 0.00000e+00
       -1.04142 0.00000e+00 0.00000e+00 0.00000e+00 3.92756e-02 0.00000e+00 0.00000e+00
       -1.03912 0.00000e+00 0.00000e+00 0.00000e+00 3.95692e-02 0.00000e+00 0.00000e+00
       -1.03682 0.00000e+00 0.00000e+00 0.00000e+00 3.98644e-02 0.00000e+00 0.00000e+00
       -1.03452 0.00000e+00 0.00000e+00 0.00000e+00 4.01612e-02 0.00000e+00 0.00000e+00
       -1.03221 0.00000e+00 0.00000e+00 0.00000e+00 4.04595e-02 0.00000e+00 0.00000e+00
       -1.02991 0.00000e+00 0.00000e+00 0.00000e+00 4.07598e-02 0.00000e+00 0.00000e+00
       -1.02761 0.00000e+00 0.00000e+00 0.00000e+00 4.10618e-02 0.00000e+00 0.00000e+00
       -1.02531 0.00000e+00 0.00000e+00 0.00000e+00 4.13650e-02 0.00000e+00 0.00000e+00
       -1.02301 0.00000e+00 0.00000e+00 0.00000e+00 4.16697e-02 0.00000e+00 0.00000e+00
       -1.02071 0.00000e+00 0.00000e+00 0.00000e+00 4.19764e-02 0.00000e+00 0.00000e+00
       -1.01841 0.00000e+00 0.00000e+00 0.00000e+00 4.22848e-02 0.00000e+00 0.00000e+00
       -1.01611 0.00000e+00 0.00000e+00 0.00000e+00 4.25946e-02 0.00000e+00 0.00000e+00
       -1.01381 0.00000e+00 0.00000e+00 0.00000e+00 4.29058e-02 0.00000e+00 0.00000e+00
       -1.01151 0.00000e+00 0.00000e+00 0.00000e+00 4.32191e-02 0.00000e+00 0.00000e+00
       -1.00920 0.00000e+00 0.00000e+00 0.00000e+00 4.35341e-02 0.00000e+00 0.00000e+00
       -1.00690 0.00000e+00 0.00000e+00 0.00000e+00 4.38504e-02 0.00000e+00 0.00000e+00
       -1.00460 0.00000e+00 0.00000e+00 0.00000e+00 4.41683e-02 0.00000e+00 0.00000e+00
       -1.00230 0.00000e+00 0.00000e+00 0.00000e+00 4.44879e-02 0.00000e+00 0.00000e+00
       -1.00000 0.00000e+00 0.00000e+00 0.00000e+00 4.48092e-02 0.00000e+00 0.00000e+00
