# log(energy in GeV)  nu_e      nu_mu      nu_tau      nu_e_bar  nu_mu_bar  nu_tau_bar #

       -3.30103 0.00000e+00 0.00000e+00 0.00000e+00 0.00000e+00 0.00000e+00 0.00000e+00
       -3.29873 0.00000e+00 0.00000e+00 0.00000e+00 0.00000e+00 0.00000e+00 0.00000e+00
       -3.29643 0.00000e+00 0.00000e+00 0.00000e+00 0.00000e+00 0.00000e+00 0.00000e+00
       -3.29413 0.00000e+00 0.00000e+00 0.00000e+00 0.00000e+00 0.00000e+00 0.00000e+00
       -3.29183 0.00000e+00 0.00000e+00 0.00000e+00 0.00000e+00 0.00000e+00 0.00000e+00
       -3.28952 0.00000e+00 0.00000e+00 0.00000e+00 0.00000e+00 0.00000e+00 0.00000e+00
       -3.28722 0.00000e+00 0.00000e+00 0.00000e+00 0.00000e+00 0.00000e+00 0.00000e+00
       -3.28492 0.00000e+00 0.00000e+00 0.00000e+00 0.00000e+00 0.00000e+00 0.00000e+00
       -3.28262 0.00000e+00 0.00000e+00 0.00000e+00 0.00000e+00 0.00000e+00 0.00000e+00
       -3.28032 0.00000e+00 0.00000e+00 0.00000e+00 0.00000e+00 0.00000e+00 0.00000e+00
       -3.27802 0.00000e+00 0.00000e+00 0.00000e+00 0.00000e+00 0.00000e+00 0.00000e+00
       -3.27572 0.00000e+00 0.00000e+00 0.00000e+00 0.00000e+00 0.00000e+00 0.00000e+00
       -3.27342 0.00000e+00 0.00000e+00 0.00000e+00 0.00000e+00 0.00000e+00 0.00000e+00
       -3.27112 0.00000e+00 0.00000e+00 0.00000e+00 0.00000e+00 0.00000e+00 0.00000e+00
       -3.26882 0.00000e+00 0.00000e+00 0.00000e+00 0.00000e+00 0.00000e+00 0.00000e+00
       -3.26652 0.00000e+00 0.00000e+00 0.00000e+00 0.00000e+00 0.00000e+00 0.00000e+00
       -3.26421 0.00000e+00 0.00000e+00 0.00000e+00 0.00000e+00 0.00000e+00 0.00000e+00
       -3.26191 0.00000e+00 0.00000e+00 0.00000e+00 0.00000e+00 0.00000e+00 0.00000e+00
       -3.25961 0.00000e+00 0.00000e+00 0.00000e+00 0.00000e+00 0.00000e+00 0.00000e+00
       -3.25731 0.00000e+00 0.00000e+00 0.00000e+00 0.00000e+00 0.00000e+00 0.00000e+00
       -3.25501 0.00000e+00 0.00000e+00 0.00000e+00 0.00000e+00 0.00000e+00 0.00000e+00
       -3.25271 0.00000e+00 0.00000e+00 0.00000e+00 0.00000e+00 0.00000e+00 0.00000e+00
       -3.25041 0.00000e+00 0.00000e+00 0.00000e+00 0.00000e+00 0.00000e+00 0.00000e+00
       -3.24811 0.00000e+00 0.00000e+00 0.00000e+00 0.00000e+00 0.00000e+00 0.00000e+00
       -3.24580 0.00000e+00 0.00000e+00 0.00000e+00 0.00000e+00 0.00000e+00 0.00000e+00
       -3.24350 0.00000e+00 0.00000e+00 0.00000e+00 0.00000e+00 0.00000e+00 0.00000e+00
       -3.24120 0.00000e+00 0.00000e+00 0.00000e+00 0.00000e+00 0.00000e+00 0.00000e+00
       -3.23890 0.00000e+00 0.00000e+00 0.00000e+00 0.00000e+00 0.00000e+00 0.00000e+00
       -3.23660 0.00000e+00 0.00000e+00 0.00000e+00 0.00000e+00 0.00000e+00 0.00000e+00
       -3.23430 0.00000e+00 0.00000e+00 0.00000e+00 0.00000e+00 0.00000e+00 0.00000e+00
       -3.23200 0.00000e+00 0.00000e+00 0.00000e+00 0.00000e+00 0.00000e+00 0.00000e+00
       -3.22970 0.00000e+00 0.00000e+00 0.00000e+00 0.00000e+00 0.00000e+00 0.00000e+00
       -3.22740 0.00000e+00 0.00000e+00 0.00000e+00 0.00000e+00 0.00000e+00 0.00000e+00
       -3.22510 0.00000e+00 0.00000e+00 0.00000e+00 0.00000e+00 0.00000e+00 0.00000e+00
       -3.22280 0.00000e+00 0.00000e+00 0.00000e+00 0.00000e+00 0.00000e+00 0.00000e+00
       -3.22049 0.00000e+00 0.00000e+00 0.00000e+00 0.00000e+00 0.00000e+00 0.00000e+00
       -3.21819 0.00000e+00 0.00000e+00 0.00000e+00 0.00000e+00 0.00000e+00 0.00000e+00
       -3.21589 0.00000e+00 0.00000e+00 0.00000e+00 0.00000e+00 0.00000e+00 0.00000e+00
       -3.21359 0.00000e+00 0.00000e+00 0.00000e+00 0.00000e+00 0.00000e+00 0.00000e+00
       -3.21129 0.00000e+00 0.00000e+00 0.00000e+00 0.00000e+00 0.00000e+00 0.00000e+00
       -3.20899 0.00000e+00 0.00000e+00 0.00000e+00 0.00000e+00 0.00000e+00 0.00000e+00
       -3.20669 0.00000e+00 0.00000e+00 0.00000e+00 0.00000e+00 0.00000e+00 0.00000e+00
       -3.20439 0.00000e+00 0.00000e+00 0.00000e+00 0.00000e+00 0.00000e+00 0.00000e+00
       -3.20209 0.00000e+00 0.00000e+00 0.00000e+00 0.00000e+00 0.00000e+00 0.00000e+00
       -3.19978 0.00000e+00 0.00000e+00 0.00000e+00 0.00000e+00 0.00000e+00 0.00000e+00
       -3.19748 0.00000e+00 0.00000e+00 0.00000e+00 0.00000e+00 0.00000e+00 0.00000e+00
       -3.19518 0.00000e+00 0.00000e+00 0.00000e+00 0.00000e+00 0.00000e+00 0.00000e+00
       -3.19288 0.00000e+00 0.00000e+00 0.00000e+00 0.00000e+00 0.00000e+00 0.00000e+00
       -3.19058 0.00000e+00 0.00000e+00 0.00000e+00 0.00000e+00 0.00000e+00 0.00000e+00
       -3.18828 0.00000e+00 0.00000e+00 0.00000e+00 0.00000e+00 0.00000e+00 0.00000e+00
       -3.18598 0.00000e+00 0.00000e+00 0.00000e+00 0.00000e+00 0.00000e+00 0.00000e+00
       -3.18368 0.00000e+00 0.00000e+00 0.00000e+00 0.00000e+00 0.00000e+00 0.00000e+00
       -3.18138 0.00000e+00 0.00000e+00 0.00000e+00 0.00000e+00 0.00000e+00 0.00000e+00
       -3.17908 0.00000e+00 0.00000e+00 0.00000e+00 0.00000e+00 0.00000e+00 0.00000e+00
       -3.17677 0.00000e+00 0.00000e+00 0.00000e+00 0.00000e+00 0.00000e+00 0.00000e+00
       -3.17447 0.00000e+00 0.00000e+00 0.00000e+00 0.00000e+00 0.00000e+00 0.00000e+00
       -3.17217 0.00000e+00 0.00000e+00 0.00000e+00 0.00000e+00 0.00000e+00 0.00000e+00
       -3.16987 0.00000e+00 0.00000e+00 0.00000e+00 0.00000e+00 0.00000e+00 0.00000e+00
       -3.16757 0.00000e+00 0.00000e+00 0.00000e+00 0.00000e+00 0.00000e+00 0.00000e+00
       -3.16527 0.00000e+00 0.00000e+00 0.00000e+00 0.00000e+00 0.00000e+00 0.00000e+00
       -3.16297 0.00000e+00 0.00000e+00 0.00000e+00 0.00000e+00 0.00000e+00 0.00000e+00
       -3.16067 0.00000e+00 0.00000e+00 0.00000e+00 0.00000e+00 0.00000e+00 0.00000e+00
       -3.15837 0.00000e+00 0.00000e+00 0.00000e+00 0.00000e+00 0.00000e+00 0.00000e+00
       -3.15606 0.00000e+00 0.00000e+00 0.00000e+00 0.00000e+00 0.00000e+00 0.00000e+00
       -3.15376 0.00000e+00 0.00000e+00 0.00000e+00 0.00000e+00 0.00000e+00 0.00000e+00
       -3.15146 0.00000e+00 0.00000e+00 0.00000e+00 0.00000e+00 0.00000e+00 0.00000e+00
       -3.14916 0.00000e+00 0.00000e+00 0.00000e+00 0.00000e+00 0.00000e+00 0.00000e+00
       -3.14686 0.00000e+00 0.00000e+00 0.00000e+00 0.00000e+00 0.00000e+00 0.00000e+00
       -3.14456 0.00000e+00 0.00000e+00 0.00000e+00 0.00000e+00 0.00000e+00 0.00000e+00
       -3.14226 0.00000e+00 0.00000e+00 0.00000e+00 0.00000e+00 0.00000e+00 0.00000e+00
       -3.13996 0.00000e+00 0.00000e+00 0.00000e+00 0.00000e+00 0.00000e+00 0.00000e+00
       -3.13766 0.00000e+00 0.00000e+00 0.00000e+00 0.00000e+00 0.00000e+00 0.00000e+00
       -3.13536 0.00000e+00 0.00000e+00 0.00000e+00 0.00000e+00 0.00000e+00 0.00000e+00
       -3.13306 0.00000e+00 0.00000e+00 0.00000e+00 0.00000e+00 0.00000e+00 0.00000e+00
       -3.13075 0.00000e+00 0.00000e+00 0.00000e+00 0.00000e+00 0.00000e+00 0.00000e+00
       -3.12845 0.00000e+00 0.00000e+00 0.00000e+00 0.00000e+00 0.00000e+00 0.00000e+00
       -3.12615 0.00000e+00 0.00000e+00 0.00000e+00 0.00000e+00 0.00000e+00 0.00000e+00
       -3.12385 0.00000e+00 0.00000e+00 0.00000e+00 0.00000e+00 0.00000e+00 0.00000e+00
       -3.12155 0.00000e+00 0.00000e+00 0.00000e+00 0.00000e+00 0.00000e+00 0.00000e+00
       -3.11925 0.00000e+00 0.00000e+00 0.00000e+00 0.00000e+00 0.00000e+00 0.00000e+00
       -3.11695 0.00000e+00 0.00000e+00 0.00000e+00 0.00000e+00 0.00000e+00 0.00000e+00
       -3.11465 0.00000e+00 0.00000e+00 0.00000e+00 0.00000e+00 0.00000e+00 0.00000e+00
       -3.11235 0.00000e+00 0.00000e+00 0.00000e+00 0.00000e+00 0.00000e+00 0.00000e+00
       -3.11004 0.00000e+00 0.00000e+00 0.00000e+00 0.00000e+00 0.00000e+00 0.00000e+00
       -3.10774 0.00000e+00 0.00000e+00 0.00000e+00 0.00000e+00 0.00000e+00 0.00000e+00
       -3.10544 0.00000e+00 0.00000e+00 0.00000e+00 0.00000e+00 0.00000e+00 0.00000e+00
       -3.10314 0.00000e+00 0.00000e+00 0.00000e+00 0.00000e+00 0.00000e+00 0.00000e+00
       -3.10084 0.00000e+00 0.00000e+00 0.00000e+00 0.00000e+00 0.00000e+00 0.00000e+00
       -3.09854 0.00000e+00 0.00000e+00 0.00000e+00 0.00000e+00 0.00000e+00 0.00000e+00
       -3.09624 0.00000e+00 0.00000e+00 0.00000e+00 0.00000e+00 0.00000e+00 0.00000e+00
       -3.09394 0.00000e+00 0.00000e+00 0.00000e+00 0.00000e+00 0.00000e+00 0.00000e+00
       -3.09164 0.00000e+00 0.00000e+00 0.00000e+00 0.00000e+00 0.00000e+00 0.00000e+00
       -3.08934 0.00000e+00 0.00000e+00 0.00000e+00 0.00000e+00 0.00000e+00 0.00000e+00
       -3.08703 0.00000e+00 0.00000e+00 0.00000e+00 0.00000e+00 0.00000e+00 0.00000e+00
       -3.08473 0.00000e+00 0.00000e+00 0.00000e+00 0.00000e+00 0.00000e+00 0.00000e+00
       -3.08243 0.00000e+00 0.00000e+00 0.00000e+00 0.00000e+00 0.00000e+00 0.00000e+00
       -3.08013 0.00000e+00 0.00000e+00 0.00000e+00 0.00000e+00 0.00000e+00 0.00000e+00
       -3.07783 0.00000e+00 0.00000e+00 0.00000e+00 0.00000e+00 0.00000e+00 0.00000e+00
       -3.07553 0.00000e+00 0.00000e+00 0.00000e+00 0.00000e+00 0.00000e+00 0.00000e+00
       -3.07323 0.00000e+00 0.00000e+00 0.00000e+00 0.00000e+00 0.00000e+00 0.00000e+00
       -3.07093 0.00000e+00 0.00000e+00 0.00000e+00 0.00000e+00 0.00000e+00 0.00000e+00
       -3.06863 0.00000e+00 0.00000e+00 0.00000e+00 0.00000e+00 0.00000e+00 0.00000e+00
       -3.06632 0.00000e+00 0.00000e+00 0.00000e+00 0.00000e+00 0.00000e+00 0.00000e+00
       -3.06402 0.00000e+00 0.00000e+00 0.00000e+00 0.00000e+00 0.00000e+00 0.00000e+00
       -3.06172 0.00000e+00 0.00000e+00 0.00000e+00 0.00000e+00 0.00000e+00 0.00000e+00
       -3.05942 0.00000e+00 0.00000e+00 0.00000e+00 0.00000e+00 0.00000e+00 0.00000e+00
       -3.05712 0.00000e+00 0.00000e+00 0.00000e+00 0.00000e+00 0.00000e+00 0.00000e+00
       -3.05482 0.00000e+00 0.00000e+00 0.00000e+00 0.00000e+00 0.00000e+00 0.00000e+00
       -3.05252 0.00000e+00 0.00000e+00 0.00000e+00 0.00000e+00 0.00000e+00 0.00000e+00
       -3.05022 0.00000e+00 0.00000e+00 0.00000e+00 0.00000e+00 0.00000e+00 0.00000e+00
       -3.04792 0.00000e+00 0.00000e+00 0.00000e+00 0.00000e+00 0.00000e+00 0.00000e+00
       -3.04562 0.00000e+00 0.00000e+00 0.00000e+00 0.00000e+00 0.00000e+00 0.00000e+00
       -3.04332 0.00000e+00 0.00000e+00 0.00000e+00 0.00000e+00 0.00000e+00 0.00000e+00
       -3.04101 0.00000e+00 0.00000e+00 0.00000e+00 0.00000e+00 0.00000e+00 0.00000e+00
       -3.03871 0.00000e+00 0.00000e+00 0.00000e+00 0.00000e+00 0.00000e+00 0.00000e+00
       -3.03641 0.00000e+00 0.00000e+00 0.00000e+00 0.00000e+00 0.00000e+00 0.00000e+00
       -3.03411 0.00000e+00 0.00000e+00 0.00000e+00 0.00000e+00 0.00000e+00 0.00000e+00
       -3.03181 0.00000e+00 0.00000e+00 0.00000e+00 0.00000e+00 0.00000e+00 0.00000e+00
       -3.02951 0.00000e+00 0.00000e+00 0.00000e+00 0.00000e+00 0.00000e+00 0.00000e+00
       -3.02721 0.00000e+00 0.00000e+00 0.00000e+00 0.00000e+00 0.00000e+00 0.00000e+00
       -3.02491 0.00000e+00 0.00000e+00 0.00000e+00 0.00000e+00 0.00000e+00 0.00000e+00
       -3.02260 0.00000e+00 0.00000e+00 0.00000e+00 0.00000e+00 0.00000e+00 0.00000e+00
       -3.02030 0.00000e+00 0.00000e+00 0.00000e+00 0.00000e+00 0.00000e+00 0.00000e+00
       -3.01800 0.00000e+00 0.00000e+00 0.00000e+00 0.00000e+00 0.00000e+00 0.00000e+00
       -3.01570 0.00000e+00 0.00000e+00 0.00000e+00 0.00000e+00 0.00000e+00 0.00000e+00
       -3.01340 0.00000e+00 0.00000e+00 0.00000e+00 0.00000e+00 0.00000e+00 0.00000e+00
       -3.01110 0.00000e+00 0.00000e+00 0.00000e+00 0.00000e+00 0.00000e+00 0.00000e+00
       -3.00880 0.00000e+00 0.00000e+00 0.00000e+00 0.00000e+00 0.00000e+00 0.00000e+00
       -3.00650 0.00000e+00 0.00000e+00 0.00000e+00 0.00000e+00 0.00000e+00 0.00000e+00
       -3.00420 0.00000e+00 0.00000e+00 0.00000e+00 0.00000e+00 0.00000e+00 0.00000e+00
       -3.00190 0.00000e+00 0.00000e+00 0.00000e+00 0.00000e+00 0.00000e+00 0.00000e+00
       -2.99959 0.00000e+00 0.00000e+00 0.00000e+00 3.03580e-06 0.00000e+00 0.00000e+00
       -2.99729 0.00000e+00 0.00000e+00 0.00000e+00 2.02300e-05 0.00000e+00 0.00000e+00
       -2.99499 0.00000e+00 0.00000e+00 0.00000e+00 3.73333e-05 0.00000e+00 0.00000e+00
       -2.99269 0.00000e+00 0.00000e+00 0.00000e+00 5.43463e-05 0.00000e+00 0.00000e+00
       -2.99039 0.00000e+00 0.00000e+00 0.00000e+00 7.12693e-05 0.00000e+00 0.00000e+00
       -2.98809 0.00000e+00 0.00000e+00 0.00000e+00 8.81030e-05 0.00000e+00 0.00000e+00
       -2.98579 0.00000e+00 0.00000e+00 0.00000e+00 1.04848e-04 0.00000e+00 0.00000e+00
       -2.98349 0.00000e+00 0.00000e+00 0.00000e+00 1.21504e-04 0.00000e+00 0.00000e+00
       -2.98119 0.00000e+00 0.00000e+00 0.00000e+00 1.38072e-04 0.00000e+00 0.00000e+00
       -2.97889 0.00000e+00 0.00000e+00 0.00000e+00 1.54553e-04 0.00000e+00 0.00000e+00
       -2.97659 0.00000e+00 0.00000e+00 0.00000e+00 1.70946e-04 0.00000e+00 0.00000e+00
       -2.97428 0.00000e+00 0.00000e+00 0.00000e+00 1.87253e-04 0.00000e+00 0.00000e+00
       -2.97198 0.00000e+00 0.00000e+00 0.00000e+00 2.03474e-04 0.00000e+00 0.00000e+00
       -2.96968 0.00000e+00 0.00000e+00 0.00000e+00 2.19609e-04 0.00000e+00 0.00000e+00
       -2.96738 0.00000e+00 0.00000e+00 0.00000e+00 2.35659e-04 0.00000e+00 0.00000e+00
       -2.96508 0.00000e+00 0.00000e+00 0.00000e+00 2.51624e-04 0.00000e+00 0.00000e+00
       -2.96278 0.00000e+00 0.00000e+00 0.00000e+00 2.67504e-04 0.00000e+00 0.00000e+00
       -2.96048 0.00000e+00 0.00000e+00 0.00000e+00 2.83301e-04 0.00000e+00 0.00000e+00
       -2.95818 0.00000e+00 0.00000e+00 0.00000e+00 2.99014e-04 0.00000e+00 0.00000e+00
       -2.95587 0.00000e+00 0.00000e+00 0.00000e+00 3.14651e-04 0.00000e+00 0.00000e+00
       -2.95357 0.00000e+00 0.00000e+00 0.00000e+00 3.30199e-04 0.00000e+00 0.00000e+00
       -2.95127 0.00000e+00 0.00000e+00 0.00000e+00 3.45664e-04 0.00000e+00 0.00000e+00
       -2.94897 0.00000e+00 0.00000e+00 0.00000e+00 3.61048e-04 0.00000e+00 0.00000e+00
       -2.94667 0.00000e+00 0.00000e+00 0.00000e+00 3.76350e-04 0.00000e+00 0.00000e+00
       -2.94437 0.00000e+00 0.00000e+00 0.00000e+00 3.91571e-04 0.00000e+00 0.00000e+00
       -2.94207 0.00000e+00 0.00000e+00 0.00000e+00 4.06713e-04 0.00000e+00 0.00000e+00
       -2.93977 0.00000e+00 0.00000e+00 0.00000e+00 4.21774e-04 0.00000e+00 0.00000e+00
       -2.93747 0.00000e+00 0.00000e+00 0.00000e+00 4.36755e-04 0.00000e+00 0.00000e+00
       -2.93517 0.00000e+00 0.00000e+00 0.00000e+00 4.51657e-04 0.00000e+00 0.00000e+00
       -2.93287 0.00000e+00 0.00000e+00 0.00000e+00 4.66481e-04 0.00000e+00 0.00000e+00
       -2.93056 0.00000e+00 0.00000e+00 0.00000e+00 4.81226e-04 0.00000e+00 0.00000e+00
       -2.92826 0.00000e+00 0.00000e+00 0.00000e+00 4.95894e-04 0.00000e+00 0.00000e+00
       -2.92596 0.00000e+00 0.00000e+00 0.00000e+00 5.10483e-04 0.00000e+00 0.00000e+00
       -2.92366 0.00000e+00 0.00000e+00 0.00000e+00 5.24996e-04 0.00000e+00 0.00000e+00
       -2.92136 0.00000e+00 0.00000e+00 0.00000e+00 5.39432e-04 0.00000e+00 0.00000e+00
       -2.91906 0.00000e+00 0.00000e+00 0.00000e+00 5.53792e-04 0.00000e+00 0.00000e+00
       -2.91676 0.00000e+00 0.00000e+00 0.00000e+00 5.68076e-04 0.00000e+00 0.00000e+00
       -2.91446 0.00000e+00 0.00000e+00 0.00000e+00 5.82284e-04 0.00000e+00 0.00000e+00
       -2.91216 0.00000e+00 0.00000e+00 0.00000e+00 5.96417e-04 0.00000e+00 0.00000e+00
       -2.90985 0.00000e+00 0.00000e+00 0.00000e+00 6.10476e-04 0.00000e+00 0.00000e+00
       -2.90755 0.00000e+00 0.00000e+00 0.00000e+00 6.24460e-04 0.00000e+00 0.00000e+00
       -2.90525 0.00000e+00 0.00000e+00 0.00000e+00 6.38371e-04 0.00000e+00 0.00000e+00
       -2.90295 0.00000e+00 0.00000e+00 0.00000e+00 6.52208e-04 0.00000e+00 0.00000e+00
       -2.90065 0.00000e+00 0.00000e+00 0.00000e+00 6.65972e-04 0.00000e+00 0.00000e+00
       -2.89835 0.00000e+00 0.00000e+00 0.00000e+00 6.79663e-04 0.00000e+00 0.00000e+00
       -2.89605 0.00000e+00 0.00000e+00 0.00000e+00 6.93281e-04 0.00000e+00 0.00000e+00
       -2.89375 0.00000e+00 0.00000e+00 0.00000e+00 7.06828e-04 0.00000e+00 0.00000e+00
       -2.89145 0.00000e+00 0.00000e+00 0.00000e+00 7.20303e-04 0.00000e+00 0.00000e+00
       -2.88915 0.00000e+00 0.00000e+00 0.00000e+00 7.33707e-04 0.00000e+00 0.00000e+00
       -2.88685 0.00000e+00 0.00000e+00 0.00000e+00 7.47040e-04 0.00000e+00 0.00000e+00
       -2.88454 0.00000e+00 0.00000e+00 0.00000e+00 7.60303e-04 0.00000e+00 0.00000e+00
       -2.88224 0.00000e+00 0.00000e+00 0.00000e+00 7.73496e-04 0.00000e+00 0.00000e+00
       -2.87994 0.00000e+00 0.00000e+00 0.00000e+00 7.86619e-04 0.00000e+00 0.00000e+00
       -2.87764 0.00000e+00 0.00000e+00 0.00000e+00 7.99678e-04 0.00000e+00 0.00000e+00
       -2.87534 0.00000e+00 0.00000e+00 0.00000e+00 8.12662e-04 0.00000e+00 0.00000e+00
       -2.87304 0.00000e+00 0.00000e+00 0.00000e+00 8.25578e-04 0.00000e+00 0.00000e+00
       -2.87074 0.00000e+00 0.00000e+00 0.00000e+00 8.38426e-04 0.00000e+00 0.00000e+00
       -2.86844 0.00000e+00 0.00000e+00 0.00000e+00 8.51206e-04 0.00000e+00 0.00000e+00
       -2.86613 0.00000e+00 0.00000e+00 0.00000e+00 8.63918e-04 0.00000e+00 0.00000e+00
       -2.86383 0.00000e+00 0.00000e+00 0.00000e+00 8.76563e-04 0.00000e+00 0.00000e+00
       -2.86153 0.00000e+00 0.00000e+00 0.00000e+00 8.89141e-04 0.00000e+00 0.00000e+00
       -2.85923 0.00000e+00 0.00000e+00 0.00000e+00 9.01653e-04 0.00000e+00 0.00000e+00
       -2.85693 0.00000e+00 0.00000e+00 0.00000e+00 9.14099e-04 0.00000e+00 0.00000e+00
       -2.85463 0.00000e+00 0.00000e+00 0.00000e+00 9.26479e-04 0.00000e+00 0.00000e+00
       -2.85233 0.00000e+00 0.00000e+00 0.00000e+00 9.38793e-04 0.00000e+00 0.00000e+00
       -2.85003 0.00000e+00 0.00000e+00 0.00000e+00 9.51043e-04 0.00000e+00 0.00000e+00
       -2.84773 0.00000e+00 0.00000e+00 0.00000e+00 9.63227e-04 0.00000e+00 0.00000e+00
       -2.84543 0.00000e+00 0.00000e+00 0.00000e+00 9.75348e-04 0.00000e+00 0.00000e+00
       -2.84313 0.00000e+00 0.00000e+00 0.00000e+00 9.87404e-04 0.00000e+00 0.00000e+00
       -2.84082 0.00000e+00 0.00000e+00 0.00000e+00 9.99397e-04 0.00000e+00 0.00000e+00
       -2.83852 0.00000e+00 0.00000e+00 0.00000e+00 1.01133e-03 0.00000e+00 0.00000e+00
       -2.83622 0.00000e+00 0.00000e+00 0.00000e+00 1.02319e-03 0.00000e+00 0.00000e+00
       -2.83392 0.00000e+00 0.00000e+00 0.00000e+00 1.03500e-03 0.00000e+00 0.00000e+00
       -2.83162 0.00000e+00 0.00000e+00 0.00000e+00 1.04674e-03 0.00000e+00 0.00000e+00
       -2.82932 0.00000e+00 0.00000e+00 0.00000e+00 1.05842e-03 0.00000e+00 0.00000e+00
       -2.82702 0.00000e+00 0.00000e+00 0.00000e+00 1.07003e-03 0.00000e+00 0.00000e+00
       -2.82472 0.00000e+00 0.00000e+00 0.00000e+00 1.08159e-03 0.00000e+00 0.00000e+00
       -2.82242 0.00000e+00 0.00000e+00 0.00000e+00 1.09308e-03 0.00000e+00 0.00000e+00
       -2.82011 0.00000e+00 0.00000e+00 0.00000e+00 1.10452e-03 0.00000e+00 0.00000e+00
       -2.81781 0.00000e+00 0.00000e+00 0.00000e+00 1.11589e-03 0.00000e+00 0.00000e+00
       -2.81551 0.00000e+00 0.00000e+00 0.00000e+00 1.12720e-03 0.00000e+00 0.00000e+00
       -2.81321 0.00000e+00 0.00000e+00 0.00000e+00 1.13846e-03 0.00000e+00 0.00000e+00
       -2.81091 0.00000e+00 0.00000e+00 0.00000e+00 1.14965e-03 0.00000e+00 0.00000e+00
       -2.80861 0.00000e+00 0.00000e+00 0.00000e+00 1.16079e-03 0.00000e+00 0.00000e+00
       -2.80631 0.00000e+00 0.00000e+00 0.00000e+00 1.17186e-03 0.00000e+00 0.00000e+00
       -2.80401 0.00000e+00 0.00000e+00 0.00000e+00 1.18288e-03 0.00000e+00 0.00000e+00
       -2.80171 0.00000e+00 0.00000e+00 0.00000e+00 1.19385e-03 0.00000e+00 0.00000e+00
       -2.79941 0.00000e+00 0.00000e+00 0.00000e+00 1.20475e-03 0.00000e+00 0.00000e+00
       -2.79710 0.00000e+00 0.00000e+00 0.00000e+00 1.21559e-03 0.00000e+00 0.00000e+00
       -2.79480 0.00000e+00 0.00000e+00 0.00000e+00 1.22638e-03 0.00000e+00 0.00000e+00
       -2.79250 0.00000e+00 0.00000e+00 0.00000e+00 1.23711e-03 0.00000e+00 0.00000e+00
       -2.79020 0.00000e+00 0.00000e+00 0.00000e+00 1.24778e-03 0.00000e+00 0.00000e+00
       -2.78790 0.00000e+00 0.00000e+00 0.00000e+00 1.25840e-03 0.00000e+00 0.00000e+00
       -2.78560 0.00000e+00 0.00000e+00 0.00000e+00 1.26896e-03 0.00000e+00 0.00000e+00
       -2.78330 0.00000e+00 0.00000e+00 0.00000e+00 1.27946e-03 0.00000e+00 0.00000e+00
       -2.78100 0.00000e+00 0.00000e+00 0.00000e+00 1.28991e-03 0.00000e+00 0.00000e+00
       -2.77870 0.00000e+00 0.00000e+00 0.00000e+00 1.30031e-03 0.00000e+00 0.00000e+00
       -2.77639 0.00000e+00 0.00000e+00 0.00000e+00 1.31065e-03 0.00000e+00 0.00000e+00
       -2.77409 0.00000e+00 0.00000e+00 0.00000e+00 1.32093e-03 0.00000e+00 0.00000e+00
       -2.77179 0.00000e+00 0.00000e+00 0.00000e+00 1.33116e-03 0.00000e+00 0.00000e+00
       -2.76949 0.00000e+00 0.00000e+00 0.00000e+00 1.34134e-03 0.00000e+00 0.00000e+00
       -2.76719 0.00000e+00 0.00000e+00 0.00000e+00 1.35146e-03 0.00000e+00 0.00000e+00
       -2.76489 0.00000e+00 0.00000e+00 0.00000e+00 1.36153e-03 0.00000e+00 0.00000e+00
       -2.76259 0.00000e+00 0.00000e+00 0.00000e+00 1.37154e-03 0.00000e+00 0.00000e+00
       -2.76029 0.00000e+00 0.00000e+00 0.00000e+00 1.38151e-03 0.00000e+00 0.00000e+00
       -2.75799 0.00000e+00 0.00000e+00 0.00000e+00 1.39142e-03 0.00000e+00 0.00000e+00
       -2.75569 0.00000e+00 0.00000e+00 0.00000e+00 1.40127e-03 0.00000e+00 0.00000e+00
       -2.75339 0.00000e+00 0.00000e+00 0.00000e+00 1.41108e-03 0.00000e+00 0.00000e+00
       -2.75108 0.00000e+00 0.00000e+00 0.00000e+00 1.42083e-03 0.00000e+00 0.00000e+00
       -2.74878 0.00000e+00 0.00000e+00 0.00000e+00 1.43054e-03 0.00000e+00 0.00000e+00
       -2.74648 0.00000e+00 0.00000e+00 0.00000e+00 1.44019e-03 0.00000e+00 0.00000e+00
       -2.74418 0.00000e+00 0.00000e+00 0.00000e+00 1.44979e-03 0.00000e+00 0.00000e+00
       -2.74188 0.00000e+00 0.00000e+00 0.00000e+00 1.45934e-03 0.00000e+00 0.00000e+00
       -2.73958 0.00000e+00 0.00000e+00 0.00000e+00 1.46883e-03 0.00000e+00 0.00000e+00
       -2.73728 0.00000e+00 0.00000e+00 0.00000e+00 1.47828e-03 0.00000e+00 0.00000e+00
       -2.73498 0.00000e+00 0.00000e+00 0.00000e+00 1.48768e-03 0.00000e+00 0.00000e+00
       -2.73268 0.00000e+00 0.00000e+00 0.00000e+00 1.49703e-03 0.00000e+00 0.00000e+00
       -2.73037 0.00000e+00 0.00000e+00 0.00000e+00 1.50633e-03 0.00000e+00 0.00000e+00
       -2.72807 0.00000e+00 0.00000e+00 0.00000e+00 1.51558e-03 0.00000e+00 0.00000e+00
       -2.72577 0.00000e+00 0.00000e+00 0.00000e+00 1.52479e-03 0.00000e+00 0.00000e+00
       -2.72347 0.00000e+00 0.00000e+00 0.00000e+00 1.53394e-03 0.00000e+00 0.00000e+00
       -2.72117 0.00000e+00 0.00000e+00 0.00000e+00 1.54304e-03 0.00000e+00 0.00000e+00
       -2.71887 0.00000e+00 0.00000e+00 0.00000e+00 1.55210e-03 0.00000e+00 0.00000e+00
       -2.71657 0.00000e+00 0.00000e+00 0.00000e+00 1.56111e-03 0.00000e+00 0.00000e+00
       -2.71427 0.00000e+00 0.00000e+00 0.00000e+00 1.57007e-03 0.00000e+00 0.00000e+00
       -2.71197 0.00000e+00 0.00000e+00 0.00000e+00 1.57898e-03 0.00000e+00 0.00000e+00
       -2.70967 0.00000e+00 0.00000e+00 0.00000e+00 1.58785e-03 0.00000e+00 0.00000e+00
       -2.70736 0.00000e+00 0.00000e+00 0.00000e+00 1.59667e-03 0.00000e+00 0.00000e+00
       -2.70506 0.00000e+00 0.00000e+00 0.00000e+00 1.60544e-03 0.00000e+00 0.00000e+00
       -2.70276 0.00000e+00 0.00000e+00 0.00000e+00 1.61417e-03 0.00000e+00 0.00000e+00
       -2.70046 0.00000e+00 0.00000e+00 0.00000e+00 1.62285e-03 0.00000e+00 0.00000e+00
       -2.69816 0.00000e+00 0.00000e+00 0.00000e+00 1.66789e-03 0.00000e+00 0.00000e+00
       -2.69586 0.00000e+00 0.00000e+00 0.00000e+00 1.77954e-03 0.00000e+00 0.00000e+00
       -2.69356 0.00000e+00 0.00000e+00 0.00000e+00 1.89060e-03 0.00000e+00 0.00000e+00
       -2.69126 0.00000e+00 0.00000e+00 0.00000e+00 2.00107e-03 0.00000e+00 0.00000e+00
       -2.68896 0.00000e+00 0.00000e+00 0.00000e+00 2.11095e-03 0.00000e+00 0.00000e+00
       -2.68666 0.00000e+00 0.00000e+00 0.00000e+00 2.22026e-03 0.00000e+00 0.00000e+00
       -2.68435 0.00000e+00 0.00000e+00 0.00000e+00 2.32898e-03 0.00000e+00 0.00000e+00
       -2.68205 0.00000e+00 0.00000e+00 0.00000e+00 2.43714e-03 0.00000e+00 0.00000e+00
       -2.67975 0.00000e+00 0.00000e+00 0.00000e+00 2.54472e-03 0.00000e+00 0.00000e+00
       -2.67745 0.00000e+00 0.00000e+00 0.00000e+00 2.65173e-03 0.00000e+00 0.00000e+00
       -2.67515 0.00000e+00 0.00000e+00 0.00000e+00 2.75818e-03 0.00000e+00 0.00000e+00
       -2.67285 0.00000e+00 0.00000e+00 0.00000e+00 2.86406e-03 0.00000e+00 0.00000e+00
       -2.67055 0.00000e+00 0.00000e+00 0.00000e+00 2.96939e-03 0.00000e+00 0.00000e+00
       -2.66825 0.00000e+00 0.00000e+00 0.00000e+00 3.07416e-03 0.00000e+00 0.00000e+00
       -2.66595 0.00000e+00 0.00000e+00 0.00000e+00 3.17838e-03 0.00000e+00 0.00000e+00
       -2.66364 0.00000e+00 0.00000e+00 0.00000e+00 3.28204e-03 0.00000e+00 0.00000e+00
       -2.66134 0.00000e+00 0.00000e+00 0.00000e+00 3.38516e-03 0.00000e+00 0.00000e+00
       -2.65904 0.00000e+00 0.00000e+00 0.00000e+00 3.48773e-03 0.00000e+00 0.00000e+00
       -2.65674 0.00000e+00 0.00000e+00 0.00000e+00 3.58976e-03 0.00000e+00 0.00000e+00
       -2.65444 0.00000e+00 0.00000e+00 0.00000e+00 3.69125e-03 0.00000e+00 0.00000e+00
       -2.65214 0.00000e+00 0.00000e+00 0.00000e+00 3.79220e-03 0.00000e+00 0.00000e+00
       -2.64984 0.00000e+00 0.00000e+00 0.00000e+00 3.89263e-03 0.00000e+00 0.00000e+00
       -2.64754 0.00000e+00 0.00000e+00 0.00000e+00 3.99256e-03 0.00000e+00 0.00000e+00
       -2.64524 0.00000e+00 0.00000e+00 0.00000e+00 4.09192e-03 0.00000e+00 0.00000e+00
       -2.64294 0.00000e+00 0.00000e+00 0.00000e+00 4.19076e-03 0.00000e+00 0.00000e+00
       -2.64063 0.00000e+00 0.00000e+00 0.00000e+00 4.28907e-03 0.00000e+00 0.00000e+00
       -2.63833 0.00000e+00 0.00000e+00 0.00000e+00 4.38687e-03 0.00000e+00 0.00000e+00
       -2.63603 0.00000e+00 0.00000e+00 0.00000e+00 4.48415e-03 0.00000e+00 0.00000e+00
       -2.63373 0.00000e+00 0.00000e+00 0.00000e+00 4.58091e-03 0.00000e+00 0.00000e+00
       -2.63143 0.00000e+00 0.00000e+00 0.00000e+00 4.67717e-03 0.00000e+00 0.00000e+00
       -2.62913 0.00000e+00 0.00000e+00 0.00000e+00 4.77291e-03 0.00000e+00 0.00000e+00
       -2.62683 0.00000e+00 0.00000e+00 0.00000e+00 4.86815e-03 0.00000e+00 0.00000e+00
       -2.62453 0.00000e+00 0.00000e+00 0.00000e+00 4.96289e-03 0.00000e+00 0.00000e+00
       -2.62223 0.00000e+00 0.00000e+00 0.00000e+00 5.05712e-03 0.00000e+00 0.00000e+00
       -2.61992 0.00000e+00 0.00000e+00 0.00000e+00 5.15086e-03 0.00000e+00 0.00000e+00
       -2.61762 0.00000e+00 0.00000e+00 0.00000e+00 5.24410e-03 0.00000e+00 0.00000e+00
       -2.61532 0.00000e+00 0.00000e+00 0.00000e+00 5.33685e-03 0.00000e+00 0.00000e+00
       -2.61302 0.00000e+00 0.00000e+00 0.00000e+00 5.42911e-03 0.00000e+00 0.00000e+00
       -2.61072 0.00000e+00 0.00000e+00 0.00000e+00 5.52088e-03 0.00000e+00 0.00000e+00
       -2.60842 0.00000e+00 0.00000e+00 0.00000e+00 5.61216e-03 0.00000e+00 0.00000e+00
       -2.60612 0.00000e+00 0.00000e+00 0.00000e+00 5.70297e-03 0.00000e+00 0.00000e+00
       -2.60382 0.00000e+00 0.00000e+00 0.00000e+00 5.79329e-03 0.00000e+00 0.00000e+00
       -2.60152 0.00000e+00 0.00000e+00 0.00000e+00 5.88314e-03 0.00000e+00 0.00000e+00
       -2.59922 0.00000e+00 0.00000e+00 0.00000e+00 5.97251e-03 0.00000e+00 0.00000e+00
       -2.59692 0.00000e+00 0.00000e+00 0.00000e+00 6.06141e-03 0.00000e+00 0.00000e+00
       -2.59461 0.00000e+00 0.00000e+00 0.00000e+00 6.14984e-03 0.00000e+00 0.00000e+00
       -2.59231 0.00000e+00 0.00000e+00 0.00000e+00 6.23780e-03 0.00000e+00 0.00000e+00
       -2.59001 0.00000e+00 0.00000e+00 0.00000e+00 6.32530e-03 0.00000e+00 0.00000e+00
       -2.58771 0.00000e+00 0.00000e+00 0.00000e+00 6.41234e-03 0.00000e+00 0.00000e+00
       -2.58541 0.00000e+00 0.00000e+00 0.00000e+00 6.49891e-03 0.00000e+00 0.00000e+00
       -2.58311 0.00000e+00 0.00000e+00 0.00000e+00 6.58503e-03 0.00000e+00 0.00000e+00
       -2.58081 0.00000e+00 0.00000e+00 0.00000e+00 6.67069e-03 0.00000e+00 0.00000e+00
       -2.57851 0.00000e+00 0.00000e+00 0.00000e+00 6.75591e-03 0.00000e+00 0.00000e+00
       -2.57621 0.00000e+00 0.00000e+00 0.00000e+00 6.84067e-03 0.00000e+00 0.00000e+00
       -2.57390 0.00000e+00 0.00000e+00 0.00000e+00 6.92498e-03 0.00000e+00 0.00000e+00
       -2.57160 0.00000e+00 0.00000e+00 0.00000e+00 7.00888e-03 0.00000e+00 0.00000e+00
       -2.56930 0.00000e+00 0.00000e+00 0.00000e+00 7.09230e-03 0.00000e+00 0.00000e+00
       -2.56700 0.00000e+00 0.00000e+00 0.00000e+00 7.17529e-03 0.00000e+00 0.00000e+00
       -2.56470 0.00000e+00 0.00000e+00 0.00000e+00 7.25783e-03 0.00000e+00 0.00000e+00
       -2.56240 0.00000e+00 0.00000e+00 0.00000e+00 7.33994e-03 0.00000e+00 0.00000e+00
       -2.56010 0.00000e+00 0.00000e+00 0.00000e+00 7.42161e-03 0.00000e+00 0.00000e+00
       -2.55780 0.00000e+00 0.00000e+00 0.00000e+00 7.50286e-03 0.00000e+00 0.00000e+00
       -2.55550 0.00000e+00 0.00000e+00 0.00000e+00 7.58367e-03 0.00000e+00 0.00000e+00
       -2.55320 0.00000e+00 0.00000e+00 0.00000e+00 7.66405e-03 0.00000e+00 0.00000e+00
       -2.55089 0.00000e+00 0.00000e+00 0.00000e+00 7.74402e-03 0.00000e+00 0.00000e+00
       -2.54859 0.00000e+00 0.00000e+00 0.00000e+00 7.82355e-03 0.00000e+00 0.00000e+00
       -2.54629 0.00000e+00 0.00000e+00 0.00000e+00 7.90267e-03 0.00000e+00 0.00000e+00
       -2.54399 0.00000e+00 0.00000e+00 0.00000e+00 7.98137e-03 0.00000e+00 0.00000e+00
       -2.54169 0.00000e+00 0.00000e+00 0.00000e+00 8.05966e-03 0.00000e+00 0.00000e+00
       -2.53939 0.00000e+00 0.00000e+00 0.00000e+00 8.13753e-03 0.00000e+00 0.00000e+00
       -2.53709 0.00000e+00 0.00000e+00 0.00000e+00 8.21499e-03 0.00000e+00 0.00000e+00
       -2.53479 0.00000e+00 0.00000e+00 0.00000e+00 8.29204e-03 0.00000e+00 0.00000e+00
       -2.53249 0.00000e+00 0.00000e+00 0.00000e+00 8.36868e-03 0.00000e+00 0.00000e+00
       -2.53018 0.00000e+00 0.00000e+00 0.00000e+00 8.44492e-03 0.00000e+00 0.00000e+00
       -2.52788 0.00000e+00 0.00000e+00 0.00000e+00 8.52075e-03 0.00000e+00 0.00000e+00
       -2.52558 0.00000e+00 0.00000e+00 0.00000e+00 8.59619e-03 0.00000e+00 0.00000e+00
       -2.52328 0.00000e+00 0.00000e+00 0.00000e+00 8.67122e-03 0.00000e+00 0.00000e+00
       -2.52098 0.00000e+00 0.00000e+00 0.00000e+00 8.82453e-03 0.00000e+00 0.00000e+00
       -2.51868 0.00000e+00 0.00000e+00 0.00000e+00 8.99371e-03 0.00000e+00 0.00000e+00
       -2.51638 0.00000e+00 0.00000e+00 0.00000e+00 9.16198e-03 0.00000e+00 0.00000e+00
       -2.51408 0.00000e+00 0.00000e+00 0.00000e+00 9.32937e-03 0.00000e+00 0.00000e+00
       -2.51178 0.00000e+00 0.00000e+00 0.00000e+00 9.49588e-03 0.00000e+00 0.00000e+00
       -2.50948 0.00000e+00 0.00000e+00 0.00000e+00 9.66150e-03 0.00000e+00 0.00000e+00
       -2.50718 0.00000e+00 0.00000e+00 0.00000e+00 9.82625e-03 0.00000e+00 0.00000e+00
       -2.50487 0.00000e+00 0.00000e+00 0.00000e+00 9.99013e-03 0.00000e+00 0.00000e+00
       -2.50257 0.00000e+00 0.00000e+00 0.00000e+00 1.01531e-02 0.00000e+00 0.00000e+00
       -2.50027 0.00000e+00 0.00000e+00 0.00000e+00 1.03153e-02 0.00000e+00 0.00000e+00
       -2.49797 0.00000e+00 0.00000e+00 0.00000e+00 1.04766e-02 0.00000e+00 0.00000e+00
       -2.49567 0.00000e+00 0.00000e+00 0.00000e+00 1.06371e-02 0.00000e+00 0.00000e+00
       -2.49337 0.00000e+00 0.00000e+00 0.00000e+00 1.07967e-02 0.00000e+00 0.00000e+00
       -2.49107 0.00000e+00 0.00000e+00 0.00000e+00 1.09554e-02 0.00000e+00 0.00000e+00
       -2.48877 0.00000e+00 0.00000e+00 0.00000e+00 1.11134e-02 0.00000e+00 0.00000e+00
       -2.48646 0.00000e+00 0.00000e+00 0.00000e+00 1.12704e-02 0.00000e+00 0.00000e+00
       -2.48416 0.00000e+00 0.00000e+00 0.00000e+00 1.14267e-02 0.00000e+00 0.00000e+00
       -2.48186 0.00000e+00 0.00000e+00 0.00000e+00 1.15821e-02 0.00000e+00 0.00000e+00
       -2.47956 0.00000e+00 0.00000e+00 0.00000e+00 1.17367e-02 0.00000e+00 0.00000e+00
       -2.47726 0.00000e+00 0.00000e+00 0.00000e+00 1.18905e-02 0.00000e+00 0.00000e+00
       -2.47496 0.00000e+00 0.00000e+00 0.00000e+00 1.20435e-02 0.00000e+00 0.00000e+00
       -2.47266 0.00000e+00 0.00000e+00 0.00000e+00 1.21956e-02 0.00000e+00 0.00000e+00
       -2.47036 0.00000e+00 0.00000e+00 0.00000e+00 1.23470e-02 0.00000e+00 0.00000e+00
       -2.46806 0.00000e+00 0.00000e+00 0.00000e+00 1.24975e-02 0.00000e+00 0.00000e+00
       -2.46576 0.00000e+00 0.00000e+00 0.00000e+00 1.26473e-02 0.00000e+00 0.00000e+00
       -2.46346 0.00000e+00 0.00000e+00 0.00000e+00 1.27963e-02 0.00000e+00 0.00000e+00
       -2.46115 0.00000e+00 0.00000e+00 0.00000e+00 1.29445e-02 0.00000e+00 0.00000e+00
       -2.45885 0.00000e+00 0.00000e+00 0.00000e+00 1.30919e-02 0.00000e+00 0.00000e+00
       -2.45655 0.00000e+00 0.00000e+00 0.00000e+00 1.32385e-02 0.00000e+00 0.00000e+00
       -2.45425 0.00000e+00 0.00000e+00 0.00000e+00 1.33843e-02 0.00000e+00 0.00000e+00
       -2.45195 0.00000e+00 0.00000e+00 0.00000e+00 1.35294e-02 0.00000e+00 0.00000e+00
       -2.44965 0.00000e+00 0.00000e+00 0.00000e+00 1.36737e-02 0.00000e+00 0.00000e+00
       -2.44735 0.00000e+00 0.00000e+00 0.00000e+00 1.38173e-02 0.00000e+00 0.00000e+00
       -2.44505 0.00000e+00 0.00000e+00 0.00000e+00 1.39601e-02 0.00000e+00 0.00000e+00
       -2.44275 0.00000e+00 0.00000e+00 0.00000e+00 1.41021e-02 0.00000e+00 0.00000e+00
       -2.44044 0.00000e+00 0.00000e+00 0.00000e+00 1.42434e-02 0.00000e+00 0.00000e+00
       -2.43814 0.00000e+00 0.00000e+00 0.00000e+00 1.43839e-02 0.00000e+00 0.00000e+00
       -2.43584 0.00000e+00 0.00000e+00 0.00000e+00 1.45237e-02 0.00000e+00 0.00000e+00
       -2.43354 0.00000e+00 0.00000e+00 0.00000e+00 1.46628e-02 0.00000e+00 0.00000e+00
       -2.43124 0.00000e+00 0.00000e+00 0.00000e+00 1.48011e-02 0.00000e+00 0.00000e+00
       -2.42894 0.00000e+00 0.00000e+00 0.00000e+00 1.49387e-02 0.00000e+00 0.00000e+00
       -2.42664 0.00000e+00 0.00000e+00 0.00000e+00 1.50755e-02 0.00000e+00 0.00000e+00
       -2.42434 0.00000e+00 0.00000e+00 0.00000e+00 1.52117e-02 0.00000e+00 0.00000e+00
       -2.42204 0.00000e+00 0.00000e+00 0.00000e+00 1.53471e-02 0.00000e+00 0.00000e+00
       -2.41974 0.00000e+00 0.00000e+00 0.00000e+00 1.54818e-02 0.00000e+00 0.00000e+00
       -2.41743 0.00000e+00 0.00000e+00 0.00000e+00 1.56159e-02 0.00000e+00 0.00000e+00
       -2.41513 0.00000e+00 0.00000e+00 0.00000e+00 1.57491e-02 0.00000e+00 0.00000e+00
       -2.41283 0.00000e+00 0.00000e+00 0.00000e+00 1.58817e-02 0.00000e+00 0.00000e+00
       -2.41053 0.00000e+00 0.00000e+00 0.00000e+00 1.60136e-02 0.00000e+00 0.00000e+00
       -2.40823 0.00000e+00 0.00000e+00 0.00000e+00 1.61448e-02 0.00000e+00 0.00000e+00
       -2.40593 0.00000e+00 0.00000e+00 0.00000e+00 1.62753e-02 0.00000e+00 0.00000e+00
       -2.40363 0.00000e+00 0.00000e+00 0.00000e+00 1.64051e-02 0.00000e+00 0.00000e+00
       -2.40133 0.00000e+00 0.00000e+00 0.00000e+00 1.65342e-02 0.00000e+00 0.00000e+00
       -2.39903 0.00000e+00 0.00000e+00 0.00000e+00 1.66626e-02 0.00000e+00 0.00000e+00
       -2.39672 0.00000e+00 0.00000e+00 0.00000e+00 1.68400e-02 0.00000e+00 0.00000e+00
       -2.39442 0.00000e+00 0.00000e+00 0.00000e+00 1.70608e-02 0.00000e+00 0.00000e+00
       -2.39212 0.00000e+00 0.00000e+00 0.00000e+00 1.72804e-02 0.00000e+00 0.00000e+00
       -2.38982 0.00000e+00 0.00000e+00 0.00000e+00 1.74988e-02 0.00000e+00 0.00000e+00
       -2.38752 0.00000e+00 0.00000e+00 0.00000e+00 1.77161e-02 0.00000e+00 0.00000e+00
       -2.38522 0.00000e+00 0.00000e+00 0.00000e+00 1.79323e-02 0.00000e+00 0.00000e+00
       -2.38292 0.00000e+00 0.00000e+00 0.00000e+00 1.81473e-02 0.00000e+00 0.00000e+00
       -2.38062 0.00000e+00 0.00000e+00 0.00000e+00 1.83611e-02 0.00000e+00 0.00000e+00
       -2.37832 0.00000e+00 0.00000e+00 0.00000e+00 1.85738e-02 0.00000e+00 0.00000e+00
       -2.37602 0.00000e+00 0.00000e+00 0.00000e+00 1.87854e-02 0.00000e+00 0.00000e+00
       -2.37371 0.00000e+00 0.00000e+00 0.00000e+00 1.89959e-02 0.00000e+00 0.00000e+00
       -2.37141 0.00000e+00 0.00000e+00 0.00000e+00 1.92053e-02 0.00000e+00 0.00000e+00
       -2.36911 0.00000e+00 0.00000e+00 0.00000e+00 1.94136e-02 0.00000e+00 0.00000e+00
       -2.36681 0.00000e+00 0.00000e+00 0.00000e+00 1.96207e-02 0.00000e+00 0.00000e+00
       -2.36451 0.00000e+00 0.00000e+00 0.00000e+00 1.98268e-02 0.00000e+00 0.00000e+00
       -2.36221 0.00000e+00 0.00000e+00 0.00000e+00 2.00318e-02 0.00000e+00 0.00000e+00
       -2.35991 0.00000e+00 0.00000e+00 0.00000e+00 2.02357e-02 0.00000e+00 0.00000e+00
       -2.35761 0.00000e+00 0.00000e+00 0.00000e+00 2.04385e-02 0.00000e+00 0.00000e+00
       -2.35531 0.00000e+00 0.00000e+00 0.00000e+00 2.06403e-02 0.00000e+00 0.00000e+00
       -2.35301 0.00000e+00 0.00000e+00 0.00000e+00 2.08409e-02 0.00000e+00 0.00000e+00
       -2.35071 0.00000e+00 0.00000e+00 0.00000e+00 2.10406e-02 0.00000e+00 0.00000e+00
       -2.34840 0.00000e+00 0.00000e+00 0.00000e+00 2.12391e-02 0.00000e+00 0.00000e+00
       -2.34610 0.00000e+00 0.00000e+00 0.00000e+00 2.14366e-02 0.00000e+00 0.00000e+00
       -2.34380 0.00000e+00 0.00000e+00 0.00000e+00 2.16331e-02 0.00000e+00 0.00000e+00
       -2.34150 0.00000e+00 0.00000e+00 0.00000e+00 2.18286e-02 0.00000e+00 0.00000e+00
       -2.33920 0.00000e+00 0.00000e+00 0.00000e+00 2.20230e-02 0.00000e+00 0.00000e+00
       -2.33690 0.00000e+00 0.00000e+00 0.00000e+00 2.22164e-02 0.00000e+00 0.00000e+00
       -2.33460 0.00000e+00 0.00000e+00 0.00000e+00 2.24088e-02 0.00000e+00 0.00000e+00
       -2.33230 0.00000e+00 0.00000e+00 0.00000e+00 2.26001e-02 0.00000e+00 0.00000e+00
       -2.32999 0.00000e+00 0.00000e+00 0.00000e+00 2.27904e-02 0.00000e+00 0.00000e+00
       -2.32769 0.00000e+00 0.00000e+00 0.00000e+00 2.29798e-02 0.00000e+00 0.00000e+00
       -2.32539 0.00000e+00 0.00000e+00 0.00000e+00 2.31681e-02 0.00000e+00 0.00000e+00
       -2.32309 0.00000e+00 0.00000e+00 0.00000e+00 2.33554e-02 0.00000e+00 0.00000e+00
       -2.32079 0.00000e+00 0.00000e+00 0.00000e+00 2.35417e-02 0.00000e+00 0.00000e+00
       -2.31849 0.00000e+00 0.00000e+00 0.00000e+00 2.37271e-02 0.00000e+00 0.00000e+00
       -2.31619 0.00000e+00 0.00000e+00 0.00000e+00 2.39115e-02 0.00000e+00 0.00000e+00
       -2.31389 0.00000e+00 0.00000e+00 0.00000e+00 2.40949e-02 0.00000e+00 0.00000e+00
       -2.31159 0.00000e+00 0.00000e+00 0.00000e+00 2.42773e-02 0.00000e+00 0.00000e+00
       -2.30929 0.00000e+00 0.00000e+00 0.00000e+00 2.44588e-02 0.00000e+00 0.00000e+00
       -2.30699 0.00000e+00 0.00000e+00 0.00000e+00 2.46393e-02 0.00000e+00 0.00000e+00
       -2.30468 0.00000e+00 0.00000e+00 0.00000e+00 2.48188e-02 0.00000e+00 0.00000e+00
       -2.30238 0.00000e+00 0.00000e+00 0.00000e+00 2.49974e-02 0.00000e+00 0.00000e+00
       -2.30008 0.00000e+00 0.00000e+00 0.00000e+00 2.52130e-02 0.00000e+00 0.00000e+00
       -2.29778 0.00000e+00 0.00000e+00 0.00000e+00 2.54813e-02 0.00000e+00 0.00000e+00
       -2.29548 0.00000e+00 0.00000e+00 0.00000e+00 2.57482e-02 0.00000e+00 0.00000e+00
       -2.29318 0.00000e+00 0.00000e+00 0.00000e+00 2.60137e-02 0.00000e+00 0.00000e+00
       -2.29088 0.00000e+00 0.00000e+00 0.00000e+00 2.62778e-02 0.00000e+00 0.00000e+00
       -2.28858 0.00000e+00 0.00000e+00 0.00000e+00 2.65404e-02 0.00000e+00 0.00000e+00
       -2.28628 0.00000e+00 0.00000e+00 0.00000e+00 2.68017e-02 0.00000e+00 0.00000e+00
       -2.28397 0.00000e+00 0.00000e+00 0.00000e+00 2.70617e-02 0.00000e+00 0.00000e+00
       -2.28167 0.00000e+00 0.00000e+00 0.00000e+00 2.73202e-02 0.00000e+00 0.00000e+00
       -2.27937 0.00000e+00 0.00000e+00 0.00000e+00 2.75774e-02 0.00000e+00 0.00000e+00
       -2.27707 0.00000e+00 0.00000e+00 0.00000e+00 2.78332e-02 0.00000e+00 0.00000e+00
       -2.27477 0.00000e+00 0.00000e+00 0.00000e+00 2.80877e-02 0.00000e+00 0.00000e+00
       -2.27247 0.00000e+00 0.00000e+00 0.00000e+00 2.83408e-02 0.00000e+00 0.00000e+00
       -2.27017 0.00000e+00 0.00000e+00 0.00000e+00 2.85926e-02 0.00000e+00 0.00000e+00
       -2.26787 0.00000e+00 0.00000e+00 0.00000e+00 2.88431e-02 0.00000e+00 0.00000e+00
       -2.26557 0.00000e+00 0.00000e+00 0.00000e+00 2.90923e-02 0.00000e+00 0.00000e+00
       -2.26327 0.00000e+00 0.00000e+00 0.00000e+00 2.93401e-02 0.00000e+00 0.00000e+00
       -2.26096 0.00000e+00 0.00000e+00 0.00000e+00 2.95866e-02 0.00000e+00 0.00000e+00
       -2.25866 0.00000e+00 0.00000e+00 0.00000e+00 2.98319e-02 0.00000e+00 0.00000e+00
       -2.25636 0.00000e+00 0.00000e+00 0.00000e+00 3.00758e-02 0.00000e+00 0.00000e+00
       -2.25406 0.00000e+00 0.00000e+00 0.00000e+00 3.03184e-02 0.00000e+00 0.00000e+00
       -2.25176 0.00000e+00 0.00000e+00 0.00000e+00 3.05597e-02 0.00000e+00 0.00000e+00
       -2.24946 0.00000e+00 0.00000e+00 0.00000e+00 3.07998e-02 0.00000e+00 0.00000e+00
       -2.24716 0.00000e+00 0.00000e+00 0.00000e+00 3.10386e-02 0.00000e+00 0.00000e+00
       -2.24486 0.00000e+00 0.00000e+00 0.00000e+00 3.12761e-02 0.00000e+00 0.00000e+00
       -2.24256 0.00000e+00 0.00000e+00 0.00000e+00 3.15124e-02 0.00000e+00 0.00000e+00
       -2.24025 0.00000e+00 0.00000e+00 0.00000e+00 3.17474e-02 0.00000e+00 0.00000e+00
       -2.23795 0.00000e+00 0.00000e+00 0.00000e+00 3.19812e-02 0.00000e+00 0.00000e+00
       -2.23565 0.00000e+00 0.00000e+00 0.00000e+00 3.22138e-02 0.00000e+00 0.00000e+00
       -2.23335 0.00000e+00 0.00000e+00 0.00000e+00 3.24451e-02 0.00000e+00 0.00000e+00
       -2.23105 0.00000e+00 0.00000e+00 0.00000e+00 3.26752e-02 0.00000e+00 0.00000e+00
       -2.22875 0.00000e+00 0.00000e+00 0.00000e+00 3.29041e-02 0.00000e+00 0.00000e+00
       -2.22645 0.00000e+00 0.00000e+00 0.00000e+00 3.31318e-02 0.00000e+00 0.00000e+00
       -2.22415 0.00000e+00 0.00000e+00 0.00000e+00 3.33582e-02 0.00000e+00 0.00000e+00
       -2.22185 0.00000e+00 0.00000e+00 0.00000e+00 3.35836e-02 0.00000e+00 0.00000e+00
       -2.21955 0.00000e+00 0.00000e+00 0.00000e+00 3.38972e-02 0.00000e+00 0.00000e+00
       -2.21725 0.00000e+00 0.00000e+00 0.00000e+00 3.42092e-02 0.00000e+00 0.00000e+00
       -2.21494 0.00000e+00 0.00000e+00 0.00000e+00 3.45196e-02 0.00000e+00 0.00000e+00
       -2.21264 0.00000e+00 0.00000e+00 0.00000e+00 3.48283e-02 0.00000e+00 0.00000e+00
       -2.21034 0.00000e+00 0.00000e+00 0.00000e+00 3.51354e-02 0.00000e+00 0.00000e+00
       -2.20804 0.00000e+00 0.00000e+00 0.00000e+00 3.54408e-02 0.00000e+00 0.00000e+00
       -2.20574 0.00000e+00 0.00000e+00 0.00000e+00 3.57446e-02 0.00000e+00 0.00000e+00
       -2.20344 0.00000e+00 0.00000e+00 0.00000e+00 3.60469e-02 0.00000e+00 0.00000e+00
       -2.20114 0.00000e+00 0.00000e+00 0.00000e+00 3.63475e-02 0.00000e+00 0.00000e+00
       -2.19884 0.00000e+00 0.00000e+00 0.00000e+00 3.66466e-02 0.00000e+00 0.00000e+00
       -2.19654 0.00000e+00 0.00000e+00 0.00000e+00 3.69440e-02 0.00000e+00 0.00000e+00
       -2.19423 0.00000e+00 0.00000e+00 0.00000e+00 3.72399e-02 0.00000e+00 0.00000e+00
       -2.19193 0.00000e+00 0.00000e+00 0.00000e+00 3.75343e-02 0.00000e+00 0.00000e+00
       -2.18963 0.00000e+00 0.00000e+00 0.00000e+00 3.78270e-02 0.00000e+00 0.00000e+00
       -2.18733 0.00000e+00 0.00000e+00 0.00000e+00 3.81184e-02 0.00000e+00 0.00000e+00
       -2.18503 0.00000e+00 0.00000e+00 0.00000e+00 3.84081e-02 0.00000e+00 0.00000e+00
       -2.18273 0.00000e+00 0.00000e+00 0.00000e+00 3.86962e-02 0.00000e+00 0.00000e+00
       -2.18043 0.00000e+00 0.00000e+00 0.00000e+00 3.89829e-02 0.00000e+00 0.00000e+00
       -2.17813 0.00000e+00 0.00000e+00 0.00000e+00 3.92680e-02 0.00000e+00 0.00000e+00
       -2.17583 0.00000e+00 0.00000e+00 0.00000e+00 3.95516e-02 0.00000e+00 0.00000e+00
       -2.17353 0.00000e+00 0.00000e+00 0.00000e+00 3.98337e-02 0.00000e+00 0.00000e+00
       -2.17122 0.00000e+00 0.00000e+00 0.00000e+00 4.01144e-02 0.00000e+00 0.00000e+00
       -2.16892 0.00000e+00 0.00000e+00 0.00000e+00 4.03935e-02 0.00000e+00 0.00000e+00
       -2.16662 0.00000e+00 0.00000e+00 0.00000e+00 4.06712e-02 0.00000e+00 0.00000e+00
       -2.16432 0.00000e+00 0.00000e+00 0.00000e+00 4.09474e-02 0.00000e+00 0.00000e+00
       -2.16202 0.00000e+00 0.00000e+00 0.00000e+00 4.12221e-02 0.00000e+00 0.00000e+00
       -2.15972 0.00000e+00 0.00000e+00 0.00000e+00 4.14954e-02 0.00000e+00 0.00000e+00
       -2.15742 0.00000e+00 0.00000e+00 0.00000e+00 4.17673e-02 0.00000e+00 0.00000e+00
       -2.15512 0.00000e+00 0.00000e+00 0.00000e+00 4.20377e-02 0.00000e+00 0.00000e+00
       -2.15282 0.00000e+00 0.00000e+00 0.00000e+00 4.23860e-02 0.00000e+00 0.00000e+00
       -2.15051 0.00000e+00 0.00000e+00 0.00000e+00 4.27406e-02 0.00000e+00 0.00000e+00
       -2.14821 0.00000e+00 0.00000e+00 0.00000e+00 4.30934e-02 0.00000e+00 0.00000e+00
       -2.14591 0.00000e+00 0.00000e+00 0.00000e+00 4.34443e-02 0.00000e+00 0.00000e+00
       -2.14361 0.00000e+00 0.00000e+00 0.00000e+00 4.37934e-02 0.00000e+00 0.00000e+00
       -2.14131 0.00000e+00 0.00000e+00 0.00000e+00 4.41406e-02 0.00000e+00 0.00000e+00
       -2.13901 0.00000e+00 0.00000e+00 0.00000e+00 4.44860e-02 0.00000e+00 0.00000e+00
       -2.13671 0.00000e+00 0.00000e+00 0.00000e+00 4.48295e-02 0.00000e+00 0.00000e+00
       -2.13441 0.00000e+00 0.00000e+00 0.00000e+00 4.51712e-02 0.00000e+00 0.00000e+00
       -2.13211 0.00000e+00 0.00000e+00 0.00000e+00 4.55112e-02 0.00000e+00 0.00000e+00
       -2.12981 0.00000e+00 0.00000e+00 0.00000e+00 4.58493e-02 0.00000e+00 0.00000e+00
       -2.12751 0.00000e+00 0.00000e+00 0.00000e+00 4.61856e-02 0.00000e+00 0.00000e+00
       -2.12520 0.00000e+00 0.00000e+00 0.00000e+00 4.65202e-02 0.00000e+00 0.00000e+00
       -2.12290 0.00000e+00 0.00000e+00 0.00000e+00 4.68530e-02 0.00000e+00 0.00000e+00
       -2.12060 0.00000e+00 0.00000e+00 0.00000e+00 4.71841e-02 0.00000e+00 0.00000e+00
       -2.11830 0.00000e+00 0.00000e+00 0.00000e+00 4.75133e-02 0.00000e+00 0.00000e+00
       -2.11600 0.00000e+00 0.00000e+00 0.00000e+00 4.78409e-02 0.00000e+00 0.00000e+00
       -2.11370 0.00000e+00 0.00000e+00 0.00000e+00 4.81667e-02 0.00000e+00 0.00000e+00
       -2.11140 0.00000e+00 0.00000e+00 0.00000e+00 4.84910e-02 0.00000e+00 0.00000e+00
       -2.10910 0.00000e+00 0.00000e+00 0.00000e+00 4.88133e-02 0.00000e+00 0.00000e+00
       -2.10679 0.00000e+00 0.00000e+00 0.00000e+00 4.91340e-02 0.00000e+00 0.00000e+00
       -2.10449 0.00000e+00 0.00000e+00 0.00000e+00 4.94530e-02 0.00000e+00 0.00000e+00
       -2.10219 0.00000e+00 0.00000e+00 0.00000e+00 4.97703e-02 0.00000e+00 0.00000e+00
       -2.09989 0.00000e+00 0.00000e+00 0.00000e+00 5.00859e-02 0.00000e+00 0.00000e+00
       -2.09759 0.00000e+00 0.00000e+00 0.00000e+00 5.03999e-02 0.00000e+00 0.00000e+00
       -2.09529 0.00000e+00 0.00000e+00 0.00000e+00 5.07723e-02 0.00000e+00 0.00000e+00
       -2.09299 0.00000e+00 0.00000e+00 0.00000e+00 5.11680e-02 0.00000e+00 0.00000e+00
       -2.09069 0.00000e+00 0.00000e+00 0.00000e+00 5.15616e-02 0.00000e+00 0.00000e+00
       -2.08839 0.00000e+00 0.00000e+00 0.00000e+00 5.19531e-02 0.00000e+00 0.00000e+00
       -2.08609 0.00000e+00 0.00000e+00 0.00000e+00 5.23425e-02 0.00000e+00 0.00000e+00
       -2.08379 0.00000e+00 0.00000e+00 0.00000e+00 5.27299e-02 0.00000e+00 0.00000e+00
       -2.08148 0.00000e+00 0.00000e+00 0.00000e+00 5.31152e-02 0.00000e+00 0.00000e+00
       -2.07918 0.00000e+00 0.00000e+00 0.00000e+00 5.34985e-02 0.00000e+00 0.00000e+00
       -2.07688 0.00000e+00 0.00000e+00 0.00000e+00 5.38798e-02 0.00000e+00 0.00000e+00
       -2.07458 0.00000e+00 0.00000e+00 0.00000e+00 5.42590e-02 0.00000e+00 0.00000e+00
       -2.07228 0.00000e+00 0.00000e+00 0.00000e+00 5.46363e-02 0.00000e+00 0.00000e+00
       -2.06998 0.00000e+00 0.00000e+00 0.00000e+00 5.50115e-02 0.00000e+00 0.00000e+00
       -2.06768 0.00000e+00 0.00000e+00 0.00000e+00 5.53848e-02 0.00000e+00 0.00000e+00
       -2.06538 0.00000e+00 0.00000e+00 0.00000e+00 5.57561e-02 0.00000e+00 0.00000e+00
       -2.06308 0.00000e+00 0.00000e+00 0.00000e+00 5.61254e-02 0.00000e+00 0.00000e+00
       -2.06078 0.00000e+00 0.00000e+00 0.00000e+00 5.64928e-02 0.00000e+00 0.00000e+00
       -2.05847 0.00000e+00 0.00000e+00 0.00000e+00 5.68583e-02 0.00000e+00 0.00000e+00
       -2.05617 0.00000e+00 0.00000e+00 0.00000e+00 5.72218e-02 0.00000e+00 0.00000e+00
       -2.05387 0.00000e+00 0.00000e+00 0.00000e+00 5.75834e-02 0.00000e+00 0.00000e+00
       -2.05157 0.00000e+00 0.00000e+00 0.00000e+00 5.79430e-02 0.00000e+00 0.00000e+00
       -2.04927 0.00000e+00 0.00000e+00 0.00000e+00 5.83008e-02 0.00000e+00 0.00000e+00
       -2.04697 0.00000e+00 0.00000e+00 0.00000e+00 5.86567e-02 0.00000e+00 0.00000e+00
       -2.04467 0.00000e+00 0.00000e+00 0.00000e+00 5.90502e-02 0.00000e+00 0.00000e+00
       -2.04237 0.00000e+00 0.00000e+00 0.00000e+00 5.94854e-02 0.00000e+00 0.00000e+00
       -2.04007 0.00000e+00 0.00000e+00 0.00000e+00 5.99183e-02 0.00000e+00 0.00000e+00
       -2.03776 0.00000e+00 0.00000e+00 0.00000e+00 6.03489e-02 0.00000e+00 0.00000e+00
       -2.03546 0.00000e+00 0.00000e+00 0.00000e+00 6.07775e-02 0.00000e+00 0.00000e+00
       -2.03316 0.00000e+00 0.00000e+00 0.00000e+00 6.12036e-02 0.00000e+00 0.00000e+00
       -2.03086 0.00000e+00 0.00000e+00 0.00000e+00 6.16274e-02 0.00000e+00 0.00000e+00
       -2.02856 0.00000e+00 0.00000e+00 0.00000e+00 6.20490e-02 0.00000e+00 0.00000e+00
       -2.02626 0.00000e+00 0.00000e+00 0.00000e+00 6.24683e-02 0.00000e+00 0.00000e+00
       -2.02396 0.00000e+00 0.00000e+00 0.00000e+00 6.28855e-02 0.00000e+00 0.00000e+00
       -2.02166 0.00000e+00 0.00000e+00 0.00000e+00 6.33004e-02 0.00000e+00 0.00000e+00
       -2.01936 0.00000e+00 0.00000e+00 0.00000e+00 6.37132e-02 0.00000e+00 0.00000e+00
       -2.01706 0.00000e+00 0.00000e+00 0.00000e+00 6.41237e-02 0.00000e+00 0.00000e+00
       -2.01475 0.00000e+00 0.00000e+00 0.00000e+00 6.45321e-02 0.00000e+00 0.00000e+00
       -2.01245 0.00000e+00 0.00000e+00 0.00000e+00 6.49384e-02 0.00000e+00 0.00000e+00
       -2.01015 0.00000e+00 0.00000e+00 0.00000e+00 6.53425e-02 0.00000e+00 0.00000e+00
       -2.00785 0.00000e+00 0.00000e+00 0.00000e+00 6.57444e-02 0.00000e+00 0.00000e+00
       -2.00555 0.00000e+00 0.00000e+00 0.00000e+00 6.61443e-02 0.00000e+00 0.00000e+00
       -2.00325 0.00000e+00 0.00000e+00 0.00000e+00 6.65420e-02 0.00000e+00 0.00000e+00
       -2.00095 0.00000e+00 0.00000e+00 0.00000e+00 6.69376e-02 0.00000e+00 0.00000e+00
       -1.99865 0.00000e+00 0.00000e+00 0.00000e+00 6.73790e-02 0.00000e+00 0.00000e+00
       -1.99635 0.00000e+00 0.00000e+00 0.00000e+00 6.78515e-02 0.00000e+00 0.00000e+00
       -1.99405 0.00000e+00 0.00000e+00 0.00000e+00 6.83214e-02 0.00000e+00 0.00000e+00
       -1.99174 0.00000e+00 0.00000e+00 0.00000e+00 6.87889e-02 0.00000e+00 0.00000e+00
       -1.98944 0.00000e+00 0.00000e+00 0.00000e+00 6.92539e-02 0.00000e+00 0.00000e+00
       -1.98714 0.00000e+00 0.00000e+00 0.00000e+00 6.97165e-02 0.00000e+00 0.00000e+00
       -1.98484 0.00000e+00 0.00000e+00 0.00000e+00 7.01766e-02 0.00000e+00 0.00000e+00
       -1.98254 0.00000e+00 0.00000e+00 0.00000e+00 7.06343e-02 0.00000e+00 0.00000e+00
       -1.98024 0.00000e+00 0.00000e+00 0.00000e+00 7.10896e-02 0.00000e+00 0.00000e+00
       -1.97794 0.00000e+00 0.00000e+00 0.00000e+00 7.15424e-02 0.00000e+00 0.00000e+00
       -1.97564 0.00000e+00 0.00000e+00 0.00000e+00 7.19929e-02 0.00000e+00 0.00000e+00
       -1.97334 0.00000e+00 0.00000e+00 0.00000e+00 7.24410e-02 0.00000e+00 0.00000e+00
       -1.97104 0.00000e+00 0.00000e+00 0.00000e+00 7.28867e-02 0.00000e+00 0.00000e+00
       -1.96873 0.00000e+00 0.00000e+00 0.00000e+00 7.33301e-02 0.00000e+00 0.00000e+00
       -1.96643 0.00000e+00 0.00000e+00 0.00000e+00 7.37711e-02 0.00000e+00 0.00000e+00
       -1.96413 0.00000e+00 0.00000e+00 0.00000e+00 7.42098e-02 0.00000e+00 0.00000e+00
       -1.96183 0.00000e+00 0.00000e+00 0.00000e+00 7.46462e-02 0.00000e+00 0.00000e+00
       -1.95953 0.00000e+00 0.00000e+00 0.00000e+00 7.50802e-02 0.00000e+00 0.00000e+00
       -1.95723 0.00000e+00 0.00000e+00 0.00000e+00 7.55598e-02 0.00000e+00 0.00000e+00
       -1.95493 0.00000e+00 0.00000e+00 0.00000e+00 7.60683e-02 0.00000e+00 0.00000e+00
       -1.95263 0.00000e+00 0.00000e+00 0.00000e+00 7.65742e-02 0.00000e+00 0.00000e+00
       -1.95033 0.00000e+00 0.00000e+00 0.00000e+00 7.70774e-02 0.00000e+00 0.00000e+00
       -1.94802 0.00000e+00 0.00000e+00 0.00000e+00 7.75779e-02 0.00000e+00 0.00000e+00
       -1.94572 0.00000e+00 0.00000e+00 0.00000e+00 7.80758e-02 0.00000e+00 0.00000e+00
       -1.94342 0.00000e+00 0.00000e+00 0.00000e+00 7.85711e-02 0.00000e+00 0.00000e+00
       -1.94112 0.00000e+00 0.00000e+00 0.00000e+00 7.90637e-02 0.00000e+00 0.00000e+00
       -1.93882 0.00000e+00 0.00000e+00 0.00000e+00 7.95538e-02 0.00000e+00 0.00000e+00
       -1.93652 0.00000e+00 0.00000e+00 0.00000e+00 8.00412e-02 0.00000e+00 0.00000e+00
       -1.93422 0.00000e+00 0.00000e+00 0.00000e+00 8.05261e-02 0.00000e+00 0.00000e+00
       -1.93192 0.00000e+00 0.00000e+00 0.00000e+00 8.10084e-02 0.00000e+00 0.00000e+00
       -1.92962 0.00000e+00 0.00000e+00 0.00000e+00 8.14882e-02 0.00000e+00 0.00000e+00
       -1.92731 0.00000e+00 0.00000e+00 0.00000e+00 8.19654e-02 0.00000e+00 0.00000e+00
       -1.92501 0.00000e+00 0.00000e+00 0.00000e+00 8.24401e-02 0.00000e+00 0.00000e+00
       -1.92271 0.00000e+00 0.00000e+00 0.00000e+00 8.29123e-02 0.00000e+00 0.00000e+00
       -1.92041 0.00000e+00 0.00000e+00 0.00000e+00 8.33957e-02 0.00000e+00 0.00000e+00
       -1.91811 0.00000e+00 0.00000e+00 0.00000e+00 8.39400e-02 0.00000e+00 0.00000e+00
       -1.91581 0.00000e+00 0.00000e+00 0.00000e+00 8.44815e-02 0.00000e+00 0.00000e+00
       -1.91351 0.00000e+00 0.00000e+00 0.00000e+00 8.50201e-02 0.00000e+00 0.00000e+00
       -1.91121 0.00000e+00 0.00000e+00 0.00000e+00 8.55559e-02 0.00000e+00 0.00000e+00
       -1.90891 0.00000e+00 0.00000e+00 0.00000e+00 8.60888e-02 0.00000e+00 0.00000e+00
       -1.90661 0.00000e+00 0.00000e+00 0.00000e+00 8.66190e-02 0.00000e+00 0.00000e+00
       -1.90430 0.00000e+00 0.00000e+00 0.00000e+00 8.71463e-02 0.00000e+00 0.00000e+00
       -1.90200 0.00000e+00 0.00000e+00 0.00000e+00 8.76708e-02 0.00000e+00 0.00000e+00
       -1.89970 0.00000e+00 0.00000e+00 0.00000e+00 8.81926e-02 0.00000e+00 0.00000e+00
       -1.89740 0.00000e+00 0.00000e+00 0.00000e+00 8.87116e-02 0.00000e+00 0.00000e+00
       -1.89510 0.00000e+00 0.00000e+00 0.00000e+00 8.92278e-02 0.00000e+00 0.00000e+00
       -1.89280 0.00000e+00 0.00000e+00 0.00000e+00 8.97414e-02 0.00000e+00 0.00000e+00
       -1.89050 0.00000e+00 0.00000e+00 0.00000e+00 9.02522e-02 0.00000e+00 0.00000e+00
       -1.88820 0.00000e+00 0.00000e+00 0.00000e+00 9.07603e-02 0.00000e+00 0.00000e+00
       -1.88590 0.00000e+00 0.00000e+00 0.00000e+00 9.12710e-02 0.00000e+00 0.00000e+00
       -1.88360 0.00000e+00 0.00000e+00 0.00000e+00 9.18493e-02 0.00000e+00 0.00000e+00
       -1.88129 0.00000e+00 0.00000e+00 0.00000e+00 9.24247e-02 0.00000e+00 0.00000e+00
       -1.87899 0.00000e+00 0.00000e+00 0.00000e+00 9.29968e-02 0.00000e+00 0.00000e+00
       -1.87669 0.00000e+00 0.00000e+00 0.00000e+00 9.35660e-02 0.00000e+00 0.00000e+00
       -1.87439 0.00000e+00 0.00000e+00 0.00000e+00 9.41321e-02 0.00000e+00 0.00000e+00
       -1.87209 0.00000e+00 0.00000e+00 0.00000e+00 9.46952e-02 0.00000e+00 0.00000e+00
       -1.86979 0.00000e+00 0.00000e+00 0.00000e+00 9.52554e-02 0.00000e+00 0.00000e+00
       -1.86749 0.00000e+00 0.00000e+00 0.00000e+00 9.58126e-02 0.00000e+00 0.00000e+00
       -1.86519 0.00000e+00 0.00000e+00 0.00000e+00 9.63668e-02 0.00000e+00 0.00000e+00
       -1.86289 0.00000e+00 0.00000e+00 0.00000e+00 9.69181e-02 0.00000e+00 0.00000e+00
       -1.86058 0.00000e+00 0.00000e+00 0.00000e+00 9.74666e-02 0.00000e+00 0.00000e+00
       -1.85828 0.00000e+00 0.00000e+00 0.00000e+00 9.80121e-02 0.00000e+00 0.00000e+00
       -1.85598 0.00000e+00 0.00000e+00 0.00000e+00 9.85547e-02 0.00000e+00 0.00000e+00
       -1.85368 0.00000e+00 0.00000e+00 0.00000e+00 9.91005e-02 0.00000e+00 0.00000e+00
       -1.85138 0.00000e+00 0.00000e+00 0.00000e+00 9.97109e-02 0.00000e+00 0.00000e+00
       -1.84908 0.00000e+00 0.00000e+00 0.00000e+00 1.00318e-01 0.00000e+00 0.00000e+00
       -1.84678 0.00000e+00 0.00000e+00 0.00000e+00 1.00922e-01 0.00000e+00 0.00000e+00
       -1.84448 0.00000e+00 0.00000e+00 0.00000e+00 1.01523e-01 0.00000e+00 0.00000e+00
       -1.84218 0.00000e+00 0.00000e+00 0.00000e+00 1.02120e-01 0.00000e+00 0.00000e+00
       -1.83988 0.00000e+00 0.00000e+00 0.00000e+00 1.02714e-01 0.00000e+00 0.00000e+00
       -1.83757 0.00000e+00 0.00000e+00 0.00000e+00 1.03306e-01 0.00000e+00 0.00000e+00
       -1.83527 0.00000e+00 0.00000e+00 0.00000e+00 1.03894e-01 0.00000e+00 0.00000e+00
       -1.83297 0.00000e+00 0.00000e+00 0.00000e+00 1.04479e-01 0.00000e+00 0.00000e+00
       -1.83067 0.00000e+00 0.00000e+00 0.00000e+00 1.05061e-01 0.00000e+00 0.00000e+00
       -1.82837 0.00000e+00 0.00000e+00 0.00000e+00 1.05640e-01 0.00000e+00 0.00000e+00
       -1.82607 0.00000e+00 0.00000e+00 0.00000e+00 1.06215e-01 0.00000e+00 0.00000e+00
       -1.82377 0.00000e+00 0.00000e+00 0.00000e+00 1.06792e-01 0.00000e+00 0.00000e+00
       -1.82147 0.00000e+00 0.00000e+00 0.00000e+00 1.07434e-01 0.00000e+00 0.00000e+00
       -1.81917 0.00000e+00 0.00000e+00 0.00000e+00 1.08072e-01 0.00000e+00 0.00000e+00
       -1.81687 0.00000e+00 0.00000e+00 0.00000e+00 1.08707e-01 0.00000e+00 0.00000e+00
       -1.81456 0.00000e+00 0.00000e+00 0.00000e+00 1.09338e-01 0.00000e+00 0.00000e+00
       -1.81226 0.00000e+00 0.00000e+00 0.00000e+00 1.09966e-01 0.00000e+00 0.00000e+00
       -1.80996 0.00000e+00 0.00000e+00 0.00000e+00 1.10591e-01 0.00000e+00 0.00000e+00
       -1.80766 0.00000e+00 0.00000e+00 0.00000e+00 1.11213e-01 0.00000e+00 0.00000e+00
       -1.80536 0.00000e+00 0.00000e+00 0.00000e+00 1.11831e-01 0.00000e+00 0.00000e+00
       -1.80306 0.00000e+00 0.00000e+00 0.00000e+00 1.12446e-01 0.00000e+00 0.00000e+00
       -1.80076 0.00000e+00 0.00000e+00 0.00000e+00 1.13058e-01 0.00000e+00 0.00000e+00
       -1.79846 0.00000e+00 0.00000e+00 0.00000e+00 1.13666e-01 0.00000e+00 0.00000e+00
       -1.79616 0.00000e+00 0.00000e+00 0.00000e+00 1.14271e-01 0.00000e+00 0.00000e+00
       -1.79385 0.00000e+00 0.00000e+00 0.00000e+00 1.14935e-01 0.00000e+00 0.00000e+00
       -1.79155 0.00000e+00 0.00000e+00 0.00000e+00 1.15603e-01 0.00000e+00 0.00000e+00
       -1.78925 0.00000e+00 0.00000e+00 0.00000e+00 1.16268e-01 0.00000e+00 0.00000e+00
       -1.78695 0.00000e+00 0.00000e+00 0.00000e+00 1.16929e-01 0.00000e+00 0.00000e+00
       -1.78465 0.00000e+00 0.00000e+00 0.00000e+00 1.17587e-01 0.00000e+00 0.00000e+00
       -1.78235 0.00000e+00 0.00000e+00 0.00000e+00 1.18241e-01 0.00000e+00 0.00000e+00
       -1.78005 0.00000e+00 0.00000e+00 0.00000e+00 1.18892e-01 0.00000e+00 0.00000e+00
       -1.77775 0.00000e+00 0.00000e+00 0.00000e+00 1.19539e-01 0.00000e+00 0.00000e+00
       -1.77545 0.00000e+00 0.00000e+00 0.00000e+00 1.20183e-01 0.00000e+00 0.00000e+00
       -1.77315 0.00000e+00 0.00000e+00 0.00000e+00 1.20824e-01 0.00000e+00 0.00000e+00
       -1.77085 0.00000e+00 0.00000e+00 0.00000e+00 1.21461e-01 0.00000e+00 0.00000e+00
       -1.76854 0.00000e+00 0.00000e+00 0.00000e+00 1.22125e-01 0.00000e+00 0.00000e+00
       -1.76624 0.00000e+00 0.00000e+00 0.00000e+00 1.22823e-01 0.00000e+00 0.00000e+00
       -1.76394 0.00000e+00 0.00000e+00 0.00000e+00 1.23518e-01 0.00000e+00 0.00000e+00
       -1.76164 0.00000e+00 0.00000e+00 0.00000e+00 1.24209e-01 0.00000e+00 0.00000e+00
       -1.75934 0.00000e+00 0.00000e+00 0.00000e+00 1.24896e-01 0.00000e+00 0.00000e+00
       -1.75704 0.00000e+00 0.00000e+00 0.00000e+00 1.25580e-01 0.00000e+00 0.00000e+00
       -1.75474 0.00000e+00 0.00000e+00 0.00000e+00 1.26260e-01 0.00000e+00 0.00000e+00
       -1.75244 0.00000e+00 0.00000e+00 0.00000e+00 1.26937e-01 0.00000e+00 0.00000e+00
       -1.75014 0.00000e+00 0.00000e+00 0.00000e+00 1.27610e-01 0.00000e+00 0.00000e+00
       -1.74784 0.00000e+00 0.00000e+00 0.00000e+00 1.28279e-01 0.00000e+00 0.00000e+00
       -1.74553 0.00000e+00 0.00000e+00 0.00000e+00 1.28945e-01 0.00000e+00 0.00000e+00
       -1.74323 0.00000e+00 0.00000e+00 0.00000e+00 1.29651e-01 0.00000e+00 0.00000e+00
       -1.74093 0.00000e+00 0.00000e+00 0.00000e+00 1.30375e-01 0.00000e+00 0.00000e+00
       -1.73863 0.00000e+00 0.00000e+00 0.00000e+00 1.31096e-01 0.00000e+00 0.00000e+00
       -1.73633 0.00000e+00 0.00000e+00 0.00000e+00 1.31813e-01 0.00000e+00 0.00000e+00
       -1.73403 0.00000e+00 0.00000e+00 0.00000e+00 1.32527e-01 0.00000e+00 0.00000e+00
       -1.73173 0.00000e+00 0.00000e+00 0.00000e+00 1.33236e-01 0.00000e+00 0.00000e+00
       -1.72943 0.00000e+00 0.00000e+00 0.00000e+00 1.33942e-01 0.00000e+00 0.00000e+00
       -1.72713 0.00000e+00 0.00000e+00 0.00000e+00 1.34644e-01 0.00000e+00 0.00000e+00
       -1.72482 0.00000e+00 0.00000e+00 0.00000e+00 1.35343e-01 0.00000e+00 0.00000e+00
       -1.72252 0.00000e+00 0.00000e+00 0.00000e+00 1.36037e-01 0.00000e+00 0.00000e+00
       -1.72022 0.00000e+00 0.00000e+00 0.00000e+00 1.36757e-01 0.00000e+00 0.00000e+00
       -1.71792 0.00000e+00 0.00000e+00 0.00000e+00 1.37509e-01 0.00000e+00 0.00000e+00
       -1.71562 0.00000e+00 0.00000e+00 0.00000e+00 1.38256e-01 0.00000e+00 0.00000e+00
       -1.71332 0.00000e+00 0.00000e+00 0.00000e+00 1.39000e-01 0.00000e+00 0.00000e+00
       -1.71102 0.00000e+00 0.00000e+00 0.00000e+00 1.39740e-01 0.00000e+00 0.00000e+00
       -1.70872 0.00000e+00 0.00000e+00 0.00000e+00 1.40476e-01 0.00000e+00 0.00000e+00
       -1.70642 0.00000e+00 0.00000e+00 0.00000e+00 1.41208e-01 0.00000e+00 0.00000e+00
       -1.70412 0.00000e+00 0.00000e+00 0.00000e+00 1.41936e-01 0.00000e+00 0.00000e+00
       -1.70181 0.00000e+00 0.00000e+00 0.00000e+00 1.42660e-01 0.00000e+00 0.00000e+00
       -1.69951 0.00000e+00 0.00000e+00 0.00000e+00 1.43381e-01 0.00000e+00 0.00000e+00
       -1.69721 0.00000e+00 0.00000e+00 0.00000e+00 1.44145e-01 0.00000e+00 0.00000e+00
       -1.69491 0.00000e+00 0.00000e+00 0.00000e+00 1.44921e-01 0.00000e+00 0.00000e+00
       -1.69261 0.00000e+00 0.00000e+00 0.00000e+00 1.45692e-01 0.00000e+00 0.00000e+00
       -1.69031 0.00000e+00 0.00000e+00 0.00000e+00 1.46459e-01 0.00000e+00 0.00000e+00
       -1.68801 0.00000e+00 0.00000e+00 0.00000e+00 1.47223e-01 0.00000e+00 0.00000e+00
       -1.68571 0.00000e+00 0.00000e+00 0.00000e+00 1.47982e-01 0.00000e+00 0.00000e+00
       -1.68341 0.00000e+00 0.00000e+00 0.00000e+00 1.48737e-01 0.00000e+00 0.00000e+00
       -1.68111 0.00000e+00 0.00000e+00 0.00000e+00 1.49488e-01 0.00000e+00 0.00000e+00
       -1.67880 0.00000e+00 0.00000e+00 0.00000e+00 1.50236e-01 0.00000e+00 0.00000e+00
       -1.67650 0.00000e+00 0.00000e+00 0.00000e+00 1.51013e-01 0.00000e+00 0.00000e+00
       -1.67420 0.00000e+00 0.00000e+00 0.00000e+00 1.51813e-01 0.00000e+00 0.00000e+00
       -1.67190 0.00000e+00 0.00000e+00 0.00000e+00 1.52610e-01 0.00000e+00 0.00000e+00
       -1.66960 0.00000e+00 0.00000e+00 0.00000e+00 1.53402e-01 0.00000e+00 0.00000e+00
       -1.66730 0.00000e+00 0.00000e+00 0.00000e+00 1.54190e-01 0.00000e+00 0.00000e+00
       -1.66500 0.00000e+00 0.00000e+00 0.00000e+00 1.54973e-01 0.00000e+00 0.00000e+00
       -1.66270 0.00000e+00 0.00000e+00 0.00000e+00 1.55753e-01 0.00000e+00 0.00000e+00
       -1.66040 0.00000e+00 0.00000e+00 0.00000e+00 1.56528e-01 0.00000e+00 0.00000e+00
       -1.65810 0.00000e+00 0.00000e+00 0.00000e+00 1.57300e-01 0.00000e+00 0.00000e+00
       -1.65579 0.00000e+00 0.00000e+00 0.00000e+00 1.58113e-01 0.00000e+00 0.00000e+00
       -1.65349 0.00000e+00 0.00000e+00 0.00000e+00 1.58936e-01 0.00000e+00 0.00000e+00
       -1.65119 0.00000e+00 0.00000e+00 0.00000e+00 1.59755e-01 0.00000e+00 0.00000e+00
       -1.64889 0.00000e+00 0.00000e+00 0.00000e+00 1.60569e-01 0.00000e+00 0.00000e+00
       -1.64659 0.00000e+00 0.00000e+00 0.00000e+00 1.61378e-01 0.00000e+00 0.00000e+00
       -1.64429 0.00000e+00 0.00000e+00 0.00000e+00 1.62184e-01 0.00000e+00 0.00000e+00
       -1.64199 0.00000e+00 0.00000e+00 0.00000e+00 1.62985e-01 0.00000e+00 0.00000e+00
       -1.63969 0.00000e+00 0.00000e+00 0.00000e+00 1.63782e-01 0.00000e+00 0.00000e+00
       -1.63739 0.00000e+00 0.00000e+00 0.00000e+00 1.64597e-01 0.00000e+00 0.00000e+00
       -1.63508 0.00000e+00 0.00000e+00 0.00000e+00 1.65444e-01 0.00000e+00 0.00000e+00
       -1.63278 0.00000e+00 0.00000e+00 0.00000e+00 1.66286e-01 0.00000e+00 0.00000e+00
       -1.63048 0.00000e+00 0.00000e+00 0.00000e+00 1.67123e-01 0.00000e+00 0.00000e+00
       -1.62818 0.00000e+00 0.00000e+00 0.00000e+00 1.67957e-01 0.00000e+00 0.00000e+00
       -1.62588 0.00000e+00 0.00000e+00 0.00000e+00 1.68785e-01 0.00000e+00 0.00000e+00
       -1.62358 0.00000e+00 0.00000e+00 0.00000e+00 1.69610e-01 0.00000e+00 0.00000e+00
       -1.62128 0.00000e+00 0.00000e+00 0.00000e+00 1.70430e-01 0.00000e+00 0.00000e+00
       -1.61898 0.00000e+00 0.00000e+00 0.00000e+00 1.71265e-01 0.00000e+00 0.00000e+00
       -1.61668 0.00000e+00 0.00000e+00 0.00000e+00 1.72133e-01 0.00000e+00 0.00000e+00
       -1.61437 0.00000e+00 0.00000e+00 0.00000e+00 1.72995e-01 0.00000e+00 0.00000e+00
       -1.61207 0.00000e+00 0.00000e+00 0.00000e+00 1.73854e-01 0.00000e+00 0.00000e+00
       -1.60977 0.00000e+00 0.00000e+00 0.00000e+00 1.74707e-01 0.00000e+00 0.00000e+00
       -1.60747 0.00000e+00 0.00000e+00 0.00000e+00 1.75556e-01 0.00000e+00 0.00000e+00
       -1.60517 0.00000e+00 0.00000e+00 0.00000e+00 1.76401e-01 0.00000e+00 0.00000e+00
       -1.60287 0.00000e+00 0.00000e+00 0.00000e+00 1.77241e-01 0.00000e+00 0.00000e+00
       -1.60057 0.00000e+00 0.00000e+00 0.00000e+00 1.78113e-01 0.00000e+00 0.00000e+00
       -1.59827 0.00000e+00 0.00000e+00 0.00000e+00 1.78999e-01 0.00000e+00 0.00000e+00
       -1.59597 0.00000e+00 0.00000e+00 0.00000e+00 1.79880e-01 0.00000e+00 0.00000e+00
       -1.59367 0.00000e+00 0.00000e+00 0.00000e+00 1.80757e-01 0.00000e+00 0.00000e+00
       -1.59136 0.00000e+00 0.00000e+00 0.00000e+00 1.81629e-01 0.00000e+00 0.00000e+00
       -1.58906 0.00000e+00 0.00000e+00 0.00000e+00 1.82497e-01 0.00000e+00 0.00000e+00
       -1.58676 0.00000e+00 0.00000e+00 0.00000e+00 1.83360e-01 0.00000e+00 0.00000e+00
       -1.58446 0.00000e+00 0.00000e+00 0.00000e+00 1.84231e-01 0.00000e+00 0.00000e+00
       -1.58216 0.00000e+00 0.00000e+00 0.00000e+00 1.85139e-01 0.00000e+00 0.00000e+00
       -1.57986 0.00000e+00 0.00000e+00 0.00000e+00 1.86042e-01 0.00000e+00 0.00000e+00
       -1.57756 0.00000e+00 0.00000e+00 0.00000e+00 1.86940e-01 0.00000e+00 0.00000e+00
       -1.57526 0.00000e+00 0.00000e+00 0.00000e+00 1.87834e-01 0.00000e+00 0.00000e+00
       -1.57296 0.00000e+00 0.00000e+00 0.00000e+00 1.88722e-01 0.00000e+00 0.00000e+00
       -1.57065 0.00000e+00 0.00000e+00 0.00000e+00 1.89606e-01 0.00000e+00 0.00000e+00
       -1.56835 0.00000e+00 0.00000e+00 0.00000e+00 1.90492e-01 0.00000e+00 0.00000e+00
       -1.56605 0.00000e+00 0.00000e+00 0.00000e+00 1.91418e-01 0.00000e+00 0.00000e+00
       -1.56375 0.00000e+00 0.00000e+00 0.00000e+00 1.92338e-01 0.00000e+00 0.00000e+00
       -1.56145 0.00000e+00 0.00000e+00 0.00000e+00 1.93255e-01 0.00000e+00 0.00000e+00
       -1.55915 0.00000e+00 0.00000e+00 0.00000e+00 1.94166e-01 0.00000e+00 0.00000e+00
       -1.55685 0.00000e+00 0.00000e+00 0.00000e+00 1.95072e-01 0.00000e+00 0.00000e+00
       -1.55455 0.00000e+00 0.00000e+00 0.00000e+00 1.95974e-01 0.00000e+00 0.00000e+00
       -1.55225 0.00000e+00 0.00000e+00 0.00000e+00 1.96884e-01 0.00000e+00 0.00000e+00
       -1.54995 0.00000e+00 0.00000e+00 0.00000e+00 1.97826e-01 0.00000e+00 0.00000e+00
       -1.54764 0.00000e+00 0.00000e+00 0.00000e+00 1.98763e-01 0.00000e+00 0.00000e+00
       -1.54534 0.00000e+00 0.00000e+00 0.00000e+00 1.99696e-01 0.00000e+00 0.00000e+00
       -1.54304 0.00000e+00 0.00000e+00 0.00000e+00 2.00623e-01 0.00000e+00 0.00000e+00
       -1.54074 0.00000e+00 0.00000e+00 0.00000e+00 2.01546e-01 0.00000e+00 0.00000e+00
       -1.53844 0.00000e+00 0.00000e+00 0.00000e+00 2.02463e-01 0.00000e+00 0.00000e+00
       -1.53614 0.00000e+00 0.00000e+00 0.00000e+00 2.03408e-01 0.00000e+00 0.00000e+00
       -1.53384 0.00000e+00 0.00000e+00 0.00000e+00 2.04365e-01 0.00000e+00 0.00000e+00
       -1.53154 0.00000e+00 0.00000e+00 0.00000e+00 2.05317e-01 0.00000e+00 0.00000e+00
       -1.52924 0.00000e+00 0.00000e+00 0.00000e+00 2.06265e-01 0.00000e+00 0.00000e+00
       -1.52694 0.00000e+00 0.00000e+00 0.00000e+00 2.07207e-01 0.00000e+00 0.00000e+00
       -1.52463 0.00000e+00 0.00000e+00 0.00000e+00 2.08145e-01 0.00000e+00 0.00000e+00
       -1.52233 0.00000e+00 0.00000e+00 0.00000e+00 2.09088e-01 0.00000e+00 0.00000e+00
       -1.52003 0.00000e+00 0.00000e+00 0.00000e+00 2.10063e-01 0.00000e+00 0.00000e+00
       -1.51773 0.00000e+00 0.00000e+00 0.00000e+00 2.11032e-01 0.00000e+00 0.00000e+00
       -1.51543 0.00000e+00 0.00000e+00 0.00000e+00 2.11996e-01 0.00000e+00 0.00000e+00
       -1.51313 0.00000e+00 0.00000e+00 0.00000e+00 2.12955e-01 0.00000e+00 0.00000e+00
       -1.51083 0.00000e+00 0.00000e+00 0.00000e+00 2.13909e-01 0.00000e+00 0.00000e+00
       -1.50853 0.00000e+00 0.00000e+00 0.00000e+00 2.14861e-01 0.00000e+00 0.00000e+00
       -1.50623 0.00000e+00 0.00000e+00 0.00000e+00 2.15851e-01 0.00000e+00 0.00000e+00
       -1.50393 0.00000e+00 0.00000e+00 0.00000e+00 2.16836e-01 0.00000e+00 0.00000e+00
       -1.50162 0.00000e+00 0.00000e+00 0.00000e+00 2.17816e-01 0.00000e+00 0.00000e+00
       -1.49932 0.00000e+00 0.00000e+00 0.00000e+00 2.18791e-01 0.00000e+00 0.00000e+00
       -1.49702 0.00000e+00 0.00000e+00 0.00000e+00 2.19761e-01 0.00000e+00 0.00000e+00
       -1.49472 0.00000e+00 0.00000e+00 0.00000e+00 2.20728e-01 0.00000e+00 0.00000e+00
       -1.49242 0.00000e+00 0.00000e+00 0.00000e+00 2.21733e-01 0.00000e+00 0.00000e+00
       -1.49012 0.00000e+00 0.00000e+00 0.00000e+00 2.22732e-01 0.00000e+00 0.00000e+00
       -1.48782 0.00000e+00 0.00000e+00 0.00000e+00 2.23726e-01 0.00000e+00 0.00000e+00
       -1.48552 0.00000e+00 0.00000e+00 0.00000e+00 2.24714e-01 0.00000e+00 0.00000e+00
       -1.48322 0.00000e+00 0.00000e+00 0.00000e+00 2.25697e-01 0.00000e+00 0.00000e+00
       -1.48091 0.00000e+00 0.00000e+00 0.00000e+00 2.26686e-01 0.00000e+00 0.00000e+00
       -1.47861 0.00000e+00 0.00000e+00 0.00000e+00 2.27703e-01 0.00000e+00 0.00000e+00
       -1.47631 0.00000e+00 0.00000e+00 0.00000e+00 2.28713e-01 0.00000e+00 0.00000e+00
       -1.47401 0.00000e+00 0.00000e+00 0.00000e+00 2.29719e-01 0.00000e+00 0.00000e+00
       -1.47171 0.00000e+00 0.00000e+00 0.00000e+00 2.30719e-01 0.00000e+00 0.00000e+00
       -1.46941 0.00000e+00 0.00000e+00 0.00000e+00 2.31714e-01 0.00000e+00 0.00000e+00
       -1.46711 0.00000e+00 0.00000e+00 0.00000e+00 2.32730e-01 0.00000e+00 0.00000e+00
       -1.46481 0.00000e+00 0.00000e+00 0.00000e+00 2.33756e-01 0.00000e+00 0.00000e+00
       -1.46251 0.00000e+00 0.00000e+00 0.00000e+00 2.34777e-01 0.00000e+00 0.00000e+00
       -1.46021 0.00000e+00 0.00000e+00 0.00000e+00 2.35793e-01 0.00000e+00 0.00000e+00
       -1.45791 0.00000e+00 0.00000e+00 0.00000e+00 2.36804e-01 0.00000e+00 0.00000e+00
       -1.45560 0.00000e+00 0.00000e+00 0.00000e+00 2.37814e-01 0.00000e+00 0.00000e+00
       -1.45330 0.00000e+00 0.00000e+00 0.00000e+00 2.38855e-01 0.00000e+00 0.00000e+00
       -1.45100 0.00000e+00 0.00000e+00 0.00000e+00 2.39890e-01 0.00000e+00 0.00000e+00
       -1.44870 0.00000e+00 0.00000e+00 0.00000e+00 2.40919e-01 0.00000e+00 0.00000e+00
       -1.44640 0.00000e+00 0.00000e+00 0.00000e+00 2.41943e-01 0.00000e+00 0.00000e+00
       -1.44410 0.00000e+00 0.00000e+00 0.00000e+00 2.42962e-01 0.00000e+00 0.00000e+00
       -1.44180 0.00000e+00 0.00000e+00 0.00000e+00 2.44008e-01 0.00000e+00 0.00000e+00
       -1.43950 0.00000e+00 0.00000e+00 0.00000e+00 2.45056e-01 0.00000e+00 0.00000e+00
       -1.43720 0.00000e+00 0.00000e+00 0.00000e+00 2.46098e-01 0.00000e+00 0.00000e+00
       -1.43490 0.00000e+00 0.00000e+00 0.00000e+00 2.47135e-01 0.00000e+00 0.00000e+00
       -1.43259 0.00000e+00 0.00000e+00 0.00000e+00 2.48166e-01 0.00000e+00 0.00000e+00
       -1.43029 0.00000e+00 0.00000e+00 0.00000e+00 2.49217e-01 0.00000e+00 0.00000e+00
       -1.42799 0.00000e+00 0.00000e+00 0.00000e+00 2.50276e-01 0.00000e+00 0.00000e+00
       -1.42569 0.00000e+00 0.00000e+00 0.00000e+00 2.51330e-01 0.00000e+00 0.00000e+00
       -1.42339 0.00000e+00 0.00000e+00 0.00000e+00 2.52377e-01 0.00000e+00 0.00000e+00
       -1.42109 0.00000e+00 0.00000e+00 0.00000e+00 2.53420e-01 0.00000e+00 0.00000e+00
       -1.41879 0.00000e+00 0.00000e+00 0.00000e+00 2.54478e-01 0.00000e+00 0.00000e+00
       -1.41649 0.00000e+00 0.00000e+00 0.00000e+00 2.55543e-01 0.00000e+00 0.00000e+00
       -1.41419 0.00000e+00 0.00000e+00 0.00000e+00 2.56603e-01 0.00000e+00 0.00000e+00
       -1.41188 0.00000e+00 0.00000e+00 0.00000e+00 2.57657e-01 0.00000e+00 0.00000e+00
       -1.40958 0.00000e+00 0.00000e+00 0.00000e+00 2.58706e-01 0.00000e+00 0.00000e+00
       -1.40728 0.00000e+00 0.00000e+00 0.00000e+00 2.59779e-01 0.00000e+00 0.00000e+00
       -1.40498 0.00000e+00 0.00000e+00 0.00000e+00 2.60858e-01 0.00000e+00 0.00000e+00
       -1.40268 0.00000e+00 0.00000e+00 0.00000e+00 2.61932e-01 0.00000e+00 0.00000e+00
       -1.40038 0.00000e+00 0.00000e+00 0.00000e+00 2.62999e-01 0.00000e+00 0.00000e+00
       -1.39808 0.00000e+00 0.00000e+00 0.00000e+00 2.64061e-01 0.00000e+00 0.00000e+00
       -1.39578 0.00000e+00 0.00000e+00 0.00000e+00 2.65148e-01 0.00000e+00 0.00000e+00
       -1.39348 0.00000e+00 0.00000e+00 0.00000e+00 2.66230e-01 0.00000e+00 0.00000e+00
       -1.39118 0.00000e+00 0.00000e+00 0.00000e+00 2.67307e-01 0.00000e+00 0.00000e+00
       -1.38887 0.00000e+00 0.00000e+00 0.00000e+00 2.68378e-01 0.00000e+00 0.00000e+00
       -1.38657 0.00000e+00 0.00000e+00 0.00000e+00 2.69452e-01 0.00000e+00 0.00000e+00
       -1.38427 0.00000e+00 0.00000e+00 0.00000e+00 2.70544e-01 0.00000e+00 0.00000e+00
       -1.38197 0.00000e+00 0.00000e+00 0.00000e+00 2.71630e-01 0.00000e+00 0.00000e+00
       -1.37967 0.00000e+00 0.00000e+00 0.00000e+00 2.72710e-01 0.00000e+00 0.00000e+00
       -1.37737 0.00000e+00 0.00000e+00 0.00000e+00 2.73784e-01 0.00000e+00 0.00000e+00
       -1.37507 0.00000e+00 0.00000e+00 0.00000e+00 2.74879e-01 0.00000e+00 0.00000e+00
       -1.37277 0.00000e+00 0.00000e+00 0.00000e+00 2.75979e-01 0.00000e+00 0.00000e+00
       -1.37047 0.00000e+00 0.00000e+00 0.00000e+00 2.77073e-01 0.00000e+00 0.00000e+00
       -1.36817 0.00000e+00 0.00000e+00 0.00000e+00 2.78161e-01 0.00000e+00 0.00000e+00
       -1.36586 0.00000e+00 0.00000e+00 0.00000e+00 2.79253e-01 0.00000e+00 0.00000e+00
       -1.36356 0.00000e+00 0.00000e+00 0.00000e+00 2.80361e-01 0.00000e+00 0.00000e+00
       -1.36126 0.00000e+00 0.00000e+00 0.00000e+00 2.81464e-01 0.00000e+00 0.00000e+00
       -1.35896 0.00000e+00 0.00000e+00 0.00000e+00 2.82560e-01 0.00000e+00 0.00000e+00
       -1.35666 0.00000e+00 0.00000e+00 0.00000e+00 2.83651e-01 0.00000e+00 0.00000e+00
       -1.35436 0.00000e+00 0.00000e+00 0.00000e+00 2.84762e-01 0.00000e+00 0.00000e+00
       -1.35206 0.00000e+00 0.00000e+00 0.00000e+00 2.85867e-01 0.00000e+00 0.00000e+00
       -1.34976 0.00000e+00 0.00000e+00 0.00000e+00 2.86967e-01 0.00000e+00 0.00000e+00
       -1.34746 0.00000e+00 0.00000e+00 0.00000e+00 2.88061e-01 0.00000e+00 0.00000e+00
       -1.34515 0.00000e+00 0.00000e+00 0.00000e+00 2.89172e-01 0.00000e+00 0.00000e+00
       -1.34285 0.00000e+00 0.00000e+00 0.00000e+00 2.90286e-01 0.00000e+00 0.00000e+00
       -1.34055 0.00000e+00 0.00000e+00 0.00000e+00 2.91394e-01 0.00000e+00 0.00000e+00
       -1.33825 0.00000e+00 0.00000e+00 0.00000e+00 2.92497e-01 0.00000e+00 0.00000e+00
       -1.33595 0.00000e+00 0.00000e+00 0.00000e+00 2.93611e-01 0.00000e+00 0.00000e+00
       -1.33365 0.00000e+00 0.00000e+00 0.00000e+00 2.94733e-01 0.00000e+00 0.00000e+00
       -1.33135 0.00000e+00 0.00000e+00 0.00000e+00 2.95850e-01 0.00000e+00 0.00000e+00
       -1.32905 0.00000e+00 0.00000e+00 0.00000e+00 2.96960e-01 0.00000e+00 0.00000e+00
       -1.32675 0.00000e+00 0.00000e+00 0.00000e+00 2.98078e-01 0.00000e+00 0.00000e+00
       -1.32445 0.00000e+00 0.00000e+00 0.00000e+00 2.99203e-01 0.00000e+00 0.00000e+00
       -1.32214 0.00000e+00 0.00000e+00 0.00000e+00 3.00323e-01 0.00000e+00 0.00000e+00
       -1.31984 0.00000e+00 0.00000e+00 0.00000e+00 3.01436e-01 0.00000e+00 0.00000e+00
       -1.31754 0.00000e+00 0.00000e+00 0.00000e+00 3.02554e-01 0.00000e+00 0.00000e+00
       -1.31524 0.00000e+00 0.00000e+00 0.00000e+00 3.03677e-01 0.00000e+00 0.00000e+00
       -1.31294 0.00000e+00 0.00000e+00 0.00000e+00 3.04794e-01 0.00000e+00 0.00000e+00
       -1.31064 0.00000e+00 0.00000e+00 0.00000e+00 3.05904e-01 0.00000e+00 0.00000e+00
       -1.30834 0.00000e+00 0.00000e+00 0.00000e+00 3.07030e-01 0.00000e+00 0.00000e+00
       -1.30604 0.00000e+00 0.00000e+00 0.00000e+00 3.08160e-01 0.00000e+00 0.00000e+00
       -1.30374 0.00000e+00 0.00000e+00 0.00000e+00 3.09285e-01 0.00000e+00 0.00000e+00
       -1.30143 0.00000e+00 0.00000e+00 0.00000e+00 3.10404e-01 0.00000e+00 0.00000e+00
       -1.29913 0.00000e+00 0.00000e+00 0.00000e+00 3.11534e-01 0.00000e+00 0.00000e+00
       -1.29683 0.00000e+00 0.00000e+00 0.00000e+00 3.12662e-01 0.00000e+00 0.00000e+00
       -1.29453 0.00000e+00 0.00000e+00 0.00000e+00 3.13784e-01 0.00000e+00 0.00000e+00
       -1.29223 0.00000e+00 0.00000e+00 0.00000e+00 3.14902e-01 0.00000e+00 0.00000e+00
       -1.28993 0.00000e+00 0.00000e+00 0.00000e+00 3.16039e-01 0.00000e+00 0.00000e+00
       -1.28763 0.00000e+00 0.00000e+00 0.00000e+00 3.17170e-01 0.00000e+00 0.00000e+00
       -1.28533 0.00000e+00 0.00000e+00 0.00000e+00 3.18294e-01 0.00000e+00 0.00000e+00
       -1.28303 0.00000e+00 0.00000e+00 0.00000e+00 3.19424e-01 0.00000e+00 0.00000e+00
       -1.28073 0.00000e+00 0.00000e+00 0.00000e+00 3.20563e-01 0.00000e+00 0.00000e+00
       -1.27842 0.00000e+00 0.00000e+00 0.00000e+00 3.21696e-01 0.00000e+00 0.00000e+00
       -1.27612 0.00000e+00 0.00000e+00 0.00000e+00 3.22824e-01 0.00000e+00 0.00000e+00
       -1.27382 0.00000e+00 0.00000e+00 0.00000e+00 3.23958e-01 0.00000e+00 0.00000e+00
       -1.27152 0.00000e+00 0.00000e+00 0.00000e+00 3.25089e-01 0.00000e+00 0.00000e+00
       -1.26922 0.00000e+00 0.00000e+00 0.00000e+00 3.26214e-01 0.00000e+00 0.00000e+00
       -1.26692 0.00000e+00 0.00000e+00 0.00000e+00 3.27340e-01 0.00000e+00 0.00000e+00
       -1.26462 0.00000e+00 0.00000e+00 0.00000e+00 3.28474e-01 0.00000e+00 0.00000e+00
       -1.26232 0.00000e+00 0.00000e+00 0.00000e+00 3.29603e-01 0.00000e+00 0.00000e+00
       -1.26002 0.00000e+00 0.00000e+00 0.00000e+00 3.30725e-01 0.00000e+00 0.00000e+00
       -1.25771 0.00000e+00 0.00000e+00 0.00000e+00 3.31863e-01 0.00000e+00 0.00000e+00
       -1.25541 0.00000e+00 0.00000e+00 0.00000e+00 3.33000e-01 0.00000e+00 0.00000e+00
       -1.25311 0.00000e+00 0.00000e+00 0.00000e+00 3.34131e-01 0.00000e+00 0.00000e+00
       -1.25081 0.00000e+00 0.00000e+00 0.00000e+00 3.35263e-01 0.00000e+00 0.00000e+00
       -1.24851 0.00000e+00 0.00000e+00 0.00000e+00 3.36398e-01 0.00000e+00 0.00000e+00
       -1.24621 0.00000e+00 0.00000e+00 0.00000e+00 3.37526e-01 0.00000e+00 0.00000e+00
       -1.24391 0.00000e+00 0.00000e+00 0.00000e+00 3.38651e-01 0.00000e+00 0.00000e+00
       -1.24161 0.00000e+00 0.00000e+00 0.00000e+00 3.39783e-01 0.00000e+00 0.00000e+00
       -1.23931 0.00000e+00 0.00000e+00 0.00000e+00 3.40910e-01 0.00000e+00 0.00000e+00
       -1.23701 0.00000e+00 0.00000e+00 0.00000e+00 3.42031e-01 0.00000e+00 0.00000e+00
       -1.23470 0.00000e+00 0.00000e+00 0.00000e+00 3.43163e-01 0.00000e+00 0.00000e+00
       -1.23240 0.00000e+00 0.00000e+00 0.00000e+00 3.44293e-01 0.00000e+00 0.00000e+00
       -1.23010 0.00000e+00 0.00000e+00 0.00000e+00 3.45417e-01 0.00000e+00 0.00000e+00
       -1.22780 0.00000e+00 0.00000e+00 0.00000e+00 3.46547e-01 0.00000e+00 0.00000e+00
       -1.22550 0.00000e+00 0.00000e+00 0.00000e+00 3.47680e-01 0.00000e+00 0.00000e+00
       -1.22320 0.00000e+00 0.00000e+00 0.00000e+00 3.48807e-01 0.00000e+00 0.00000e+00
       -1.22090 0.00000e+00 0.00000e+00 0.00000e+00 3.49933e-01 0.00000e+00 0.00000e+00
       -1.21860 0.00000e+00 0.00000e+00 0.00000e+00 3.51059e-01 0.00000e+00 0.00000e+00
       -1.21630 0.00000e+00 0.00000e+00 0.00000e+00 3.52179e-01 0.00000e+00 0.00000e+00
       -1.21400 0.00000e+00 0.00000e+00 0.00000e+00 3.53299e-01 0.00000e+00 0.00000e+00
       -1.21169 0.00000e+00 0.00000e+00 0.00000e+00 3.54428e-01 0.00000e+00 0.00000e+00
       -1.20939 0.00000e+00 0.00000e+00 0.00000e+00 3.55552e-01 0.00000e+00 0.00000e+00
       -1.20709 0.00000e+00 0.00000e+00 0.00000e+00 3.56671e-01 0.00000e+00 0.00000e+00
       -1.20479 0.00000e+00 0.00000e+00 0.00000e+00 3.57793e-01 0.00000e+00 0.00000e+00
       -1.20249 0.00000e+00 0.00000e+00 0.00000e+00 3.58910e-01 0.00000e+00 0.00000e+00
       -1.20019 0.00000e+00 0.00000e+00 0.00000e+00 3.60023e-01 0.00000e+00 0.00000e+00
       -1.19789 0.00000e+00 0.00000e+00 0.00000e+00 3.61143e-01 0.00000e+00 0.00000e+00
       -1.19559 0.00000e+00 0.00000e+00 0.00000e+00 3.62257e-01 0.00000e+00 0.00000e+00
       -1.19329 0.00000e+00 0.00000e+00 0.00000e+00 3.63369e-01 0.00000e+00 0.00000e+00
       -1.19098 0.00000e+00 0.00000e+00 0.00000e+00 3.64488e-01 0.00000e+00 0.00000e+00
       -1.18868 0.00000e+00 0.00000e+00 0.00000e+00 3.65600e-01 0.00000e+00 0.00000e+00
       -1.18638 0.00000e+00 0.00000e+00 0.00000e+00 3.66710e-01 0.00000e+00 0.00000e+00
       -1.18408 0.00000e+00 0.00000e+00 0.00000e+00 3.67821e-01 0.00000e+00 0.00000e+00
       -1.18178 0.00000e+00 0.00000e+00 0.00000e+00 3.68927e-01 0.00000e+00 0.00000e+00
       -1.17948 0.00000e+00 0.00000e+00 0.00000e+00 3.70033e-01 0.00000e+00 0.00000e+00
       -1.17718 0.00000e+00 0.00000e+00 0.00000e+00 3.71143e-01 0.00000e+00 0.00000e+00
       -1.17488 0.00000e+00 0.00000e+00 0.00000e+00 3.72246e-01 0.00000e+00 0.00000e+00
       -1.17258 0.00000e+00 0.00000e+00 0.00000e+00 3.73350e-01 0.00000e+00 0.00000e+00
       -1.17028 0.00000e+00 0.00000e+00 0.00000e+00 3.74453e-01 0.00000e+00 0.00000e+00
       -1.16797 0.00000e+00 0.00000e+00 0.00000e+00 3.75550e-01 0.00000e+00 0.00000e+00
       -1.16567 0.00000e+00 0.00000e+00 0.00000e+00 3.76649e-01 0.00000e+00 0.00000e+00
       -1.16337 0.00000e+00 0.00000e+00 0.00000e+00 3.77744e-01 0.00000e+00 0.00000e+00
       -1.16107 0.00000e+00 0.00000e+00 0.00000e+00 3.78835e-01 0.00000e+00 0.00000e+00
       -1.15877 0.00000e+00 0.00000e+00 0.00000e+00 3.79929e-01 0.00000e+00 0.00000e+00
       -1.15647 0.00000e+00 0.00000e+00 0.00000e+00 3.81018e-01 0.00000e+00 0.00000e+00
       -1.15417 0.00000e+00 0.00000e+00 0.00000e+00 3.82105e-01 0.00000e+00 0.00000e+00
       -1.15187 0.00000e+00 0.00000e+00 0.00000e+00 3.83193e-01 0.00000e+00 0.00000e+00
       -1.14957 0.00000e+00 0.00000e+00 0.00000e+00 3.84275e-01 0.00000e+00 0.00000e+00
       -1.14727 0.00000e+00 0.00000e+00 0.00000e+00 3.85358e-01 0.00000e+00 0.00000e+00
       -1.14497 0.00000e+00 0.00000e+00 0.00000e+00 3.86440e-01 0.00000e+00 0.00000e+00
       -1.14266 0.00000e+00 0.00000e+00 0.00000e+00 3.87516e-01 0.00000e+00 0.00000e+00
       -1.14036 0.00000e+00 0.00000e+00 0.00000e+00 3.88591e-01 0.00000e+00 0.00000e+00
       -1.13806 0.00000e+00 0.00000e+00 0.00000e+00 3.89660e-01 0.00000e+00 0.00000e+00
       -1.13576 0.00000e+00 0.00000e+00 0.00000e+00 3.90729e-01 0.00000e+00 0.00000e+00
       -1.13346 0.00000e+00 0.00000e+00 0.00000e+00 3.91797e-01 0.00000e+00 0.00000e+00
       -1.13116 0.00000e+00 0.00000e+00 0.00000e+00 3.92861e-01 0.00000e+00 0.00000e+00
       -1.12886 0.00000e+00 0.00000e+00 0.00000e+00 3.93927e-01 0.00000e+00 0.00000e+00
       -1.12656 0.00000e+00 0.00000e+00 0.00000e+00 3.94989e-01 0.00000e+00 0.00000e+00
       -1.12426 0.00000e+00 0.00000e+00 0.00000e+00 3.96048e-01 0.00000e+00 0.00000e+00
       -1.12196 0.00000e+00 0.00000e+00 0.00000e+00 3.97105e-01 0.00000e+00 0.00000e+00
       -1.11965 0.00000e+00 0.00000e+00 0.00000e+00 3.98156e-01 0.00000e+00 0.00000e+00
       -1.11735 0.00000e+00 0.00000e+00 0.00000e+00 3.99209e-01 0.00000e+00 0.00000e+00
       -1.11505 0.00000e+00 0.00000e+00 0.00000e+00 4.00260e-01 0.00000e+00 0.00000e+00
       -1.11275 0.00000e+00 0.00000e+00 0.00000e+00 4.01307e-01 0.00000e+00 0.00000e+00
       -1.11045 0.00000e+00 0.00000e+00 0.00000e+00 4.02352e-01 0.00000e+00 0.00000e+00
       -1.10815 0.00000e+00 0.00000e+00 0.00000e+00 4.03391e-01 0.00000e+00 0.00000e+00
       -1.10585 0.00000e+00 0.00000e+00 0.00000e+00 4.04429e-01 0.00000e+00 0.00000e+00
       -1.10355 0.00000e+00 0.00000e+00 0.00000e+00 4.05463e-01 0.00000e+00 0.00000e+00
       -1.10125 0.00000e+00 0.00000e+00 0.00000e+00 4.06493e-01 0.00000e+00 0.00000e+00
       -1.09894 0.00000e+00 0.00000e+00 0.00000e+00 4.07521e-01 0.00000e+00 0.00000e+00
       -1.09664 0.00000e+00 0.00000e+00 0.00000e+00 4.08544e-01 0.00000e+00 0.00000e+00
       -1.09434 0.00000e+00 0.00000e+00 0.00000e+00 4.09566e-01 0.00000e+00 0.00000e+00
       -1.09204 0.00000e+00 0.00000e+00 0.00000e+00 4.10583e-01 0.00000e+00 0.00000e+00
       -1.08974 0.00000e+00 0.00000e+00 0.00000e+00 4.11599e-01 0.00000e+00 0.00000e+00
       -1.08744 0.00000e+00 0.00000e+00 0.00000e+00 4.12610e-01 0.00000e+00 0.00000e+00
       -1.08514 0.00000e+00 0.00000e+00 0.00000e+00 4.13616e-01 0.00000e+00 0.00000e+00
       -1.08284 0.00000e+00 0.00000e+00 0.00000e+00 4.14617e-01 0.00000e+00 0.00000e+00
       -1.08054 0.00000e+00 0.00000e+00 0.00000e+00 4.15614e-01 0.00000e+00 0.00000e+00
       -1.07824 0.00000e+00 0.00000e+00 0.00000e+00 4.16615e-01 0.00000e+00 0.00000e+00
       -1.07593 0.00000e+00 0.00000e+00 0.00000e+00 4.17610e-01 0.00000e+00 0.00000e+00
       -1.07363 0.00000e+00 0.00000e+00 0.00000e+00 4.18601e-01 0.00000e+00 0.00000e+00
       -1.07133 0.00000e+00 0.00000e+00 0.00000e+00 4.19586e-01 0.00000e+00 0.00000e+00
       -1.06903 0.00000e+00 0.00000e+00 0.00000e+00 4.20569e-01 0.00000e+00 0.00000e+00
       -1.06673 0.00000e+00 0.00000e+00 0.00000e+00 4.21549e-01 0.00000e+00 0.00000e+00
       -1.06443 0.00000e+00 0.00000e+00 0.00000e+00 4.22523e-01 0.00000e+00 0.00000e+00
       -1.06213 0.00000e+00 0.00000e+00 0.00000e+00 4.23493e-01 0.00000e+00 0.00000e+00
       -1.05983 0.00000e+00 0.00000e+00 0.00000e+00 4.24459e-01 0.00000e+00 0.00000e+00
       -1.05753 0.00000e+00 0.00000e+00 0.00000e+00 4.25423e-01 0.00000e+00 0.00000e+00
       -1.05523 0.00000e+00 0.00000e+00 0.00000e+00 4.26383e-01 0.00000e+00 0.00000e+00
       -1.05292 0.00000e+00 0.00000e+00 0.00000e+00 4.27337e-01 0.00000e+00 0.00000e+00
       -1.05062 0.00000e+00 0.00000e+00 0.00000e+00 4.28287e-01 0.00000e+00 0.00000e+00
       -1.04832 0.00000e+00 0.00000e+00 0.00000e+00 4.29236e-01 0.00000e+00 0.00000e+00
       -1.04602 0.00000e+00 0.00000e+00 0.00000e+00 4.30181e-01 0.00000e+00 0.00000e+00
       -1.04372 0.00000e+00 0.00000e+00 0.00000e+00 4.31121e-01 0.00000e+00 0.00000e+00
       -1.04142 0.00000e+00 0.00000e+00 0.00000e+00 4.32055e-01 0.00000e+00 0.00000e+00
       -1.03912 0.00000e+00 0.00000e+00 0.00000e+00 4.32985e-01 0.00000e+00 0.00000e+00
       -1.03682 0.00000e+00 0.00000e+00 0.00000e+00 4.33910e-01 0.00000e+00 0.00000e+00
       -1.03452 0.00000e+00 0.00000e+00 0.00000e+00 4.34830e-01 0.00000e+00 0.00000e+00
       -1.03221 0.00000e+00 0.00000e+00 0.00000e+00 4.35745e-01 0.00000e+00 0.00000e+00
       -1.02991 0.00000e+00 0.00000e+00 0.00000e+00 4.36659e-01 0.00000e+00 0.00000e+00
       -1.02761 0.00000e+00 0.00000e+00 0.00000e+00 4.37570e-01 0.00000e+00 0.00000e+00
       -1.02531 0.00000e+00 0.00000e+00 0.00000e+00 4.38472e-01 0.00000e+00 0.00000e+00
       -1.02301 0.00000e+00 0.00000e+00 0.00000e+00 4.39368e-01 0.00000e+00 0.00000e+00
       -1.02071 0.00000e+00 0.00000e+00 0.00000e+00 4.40263e-01 0.00000e+00 0.00000e+00
       -1.01841 0.00000e+00 0.00000e+00 0.00000e+00 4.41154e-01 0.00000e+00 0.00000e+00
       -1.01611 0.00000e+00 0.00000e+00 0.00000e+00 4.42038e-01 0.00000e+00 0.00000e+00
       -1.01381 0.00000e+00 0.00000e+00 0.00000e+00 4.42915e-01 0.00000e+00 0.00000e+00
       -1.01151 0.00000e+00 0.00000e+00 0.00000e+00 4.43791e-01 0.00000e+00 0.00000e+00
       -1.00920 0.00000e+00 0.00000e+00 0.00000e+00 4.44664e-01 0.00000e+00 0.00000e+00
       -1.00690 0.00000e+00 0.00000e+00 0.00000e+00 4.45528e-01 0.00000e+00 0.00000e+00
       -1.00460 0.00000e+00 0.00000e+00 0.00000e+00 4.46387e-01 0.00000e+00 0.00000e+00
       -1.00230 0.00000e+00 0.00000e+00 0.00000e+00 4.47241e-01 0.00000e+00 0.00000e+00
       -1.00000 0.00000e+00 0.00000e+00 0.00000e+00 4.48090e-01 0.00000e+00 0.00000e+00
