# log(energy in GeV)  nu_e      nu_mu      nu_tau      nu_e_bar  nu_mu_bar  nu_tau_bar #

       -3.30103 0.00000e+00 0.00000e+00 0.00000e+00 0.00000e+00 0.00000e+00 0.00000e+00
       -3.29873 0.00000e+00 0.00000e+00 0.00000e+00 0.00000e+00 0.00000e+00 0.00000e+00
       -3.29643 0.00000e+00 0.00000e+00 0.00000e+00 0.00000e+00 0.00000e+00 0.00000e+00
       -3.29413 0.00000e+00 0.00000e+00 0.00000e+00 0.00000e+00 0.00000e+00 0.00000e+00
       -3.29183 0.00000e+00 0.00000e+00 0.00000e+00 0.00000e+00 0.00000e+00 0.00000e+00
       -3.28952 0.00000e+00 0.00000e+00 0.00000e+00 0.00000e+00 0.00000e+00 0.00000e+00
       -3.28722 0.00000e+00 0.00000e+00 0.00000e+00 0.00000e+00 0.00000e+00 0.00000e+00
       -3.28492 0.00000e+00 0.00000e+00 0.00000e+00 0.00000e+00 0.00000e+00 0.00000e+00
       -3.28262 0.00000e+00 0.00000e+00 0.00000e+00 0.00000e+00 0.00000e+00 0.00000e+00
       -3.28032 0.00000e+00 0.00000e+00 0.00000e+00 0.00000e+00 0.00000e+00 0.00000e+00
       -3.27802 0.00000e+00 0.00000e+00 0.00000e+00 0.00000e+00 0.00000e+00 0.00000e+00
       -3.27572 0.00000e+00 0.00000e+00 0.00000e+00 0.00000e+00 0.00000e+00 0.00000e+00
       -3.27342 0.00000e+00 0.00000e+00 0.00000e+00 0.00000e+00 0.00000e+00 0.00000e+00
       -3.27112 0.00000e+00 0.00000e+00 0.00000e+00 0.00000e+00 0.00000e+00 0.00000e+00
       -3.26882 0.00000e+00 0.00000e+00 0.00000e+00 0.00000e+00 0.00000e+00 0.00000e+00
       -3.26652 0.00000e+00 0.00000e+00 0.00000e+00 0.00000e+00 0.00000e+00 0.00000e+00
       -3.26421 0.00000e+00 0.00000e+00 0.00000e+00 0.00000e+00 0.00000e+00 0.00000e+00
       -3.26191 0.00000e+00 0.00000e+00 0.00000e+00 0.00000e+00 0.00000e+00 0.00000e+00
       -3.25961 0.00000e+00 0.00000e+00 0.00000e+00 0.00000e+00 0.00000e+00 0.00000e+00
       -3.25731 0.00000e+00 0.00000e+00 0.00000e+00 0.00000e+00 0.00000e+00 0.00000e+00
       -3.25501 0.00000e+00 0.00000e+00 0.00000e+00 0.00000e+00 0.00000e+00 0.00000e+00
       -3.25271 0.00000e+00 0.00000e+00 0.00000e+00 0.00000e+00 0.00000e+00 0.00000e+00
       -3.25041 0.00000e+00 0.00000e+00 0.00000e+00 0.00000e+00 0.00000e+00 0.00000e+00
       -3.24811 0.00000e+00 0.00000e+00 0.00000e+00 0.00000e+00 0.00000e+00 0.00000e+00
       -3.24580 0.00000e+00 0.00000e+00 0.00000e+00 0.00000e+00 0.00000e+00 0.00000e+00
       -3.24350 0.00000e+00 0.00000e+00 0.00000e+00 0.00000e+00 0.00000e+00 0.00000e+00
       -3.24120 0.00000e+00 0.00000e+00 0.00000e+00 0.00000e+00 0.00000e+00 0.00000e+00
       -3.23890 0.00000e+00 0.00000e+00 0.00000e+00 0.00000e+00 0.00000e+00 0.00000e+00
       -3.23660 0.00000e+00 0.00000e+00 0.00000e+00 0.00000e+00 0.00000e+00 0.00000e+00
       -3.23430 0.00000e+00 0.00000e+00 0.00000e+00 0.00000e+00 0.00000e+00 0.00000e+00
       -3.23200 0.00000e+00 0.00000e+00 0.00000e+00 0.00000e+00 0.00000e+00 0.00000e+00
       -3.22970 0.00000e+00 0.00000e+00 0.00000e+00 0.00000e+00 0.00000e+00 0.00000e+00
       -3.22740 0.00000e+00 0.00000e+00 0.00000e+00 0.00000e+00 0.00000e+00 0.00000e+00
       -3.22510 0.00000e+00 0.00000e+00 0.00000e+00 0.00000e+00 0.00000e+00 0.00000e+00
       -3.22280 0.00000e+00 0.00000e+00 0.00000e+00 0.00000e+00 0.00000e+00 0.00000e+00
       -3.22049 0.00000e+00 0.00000e+00 0.00000e+00 0.00000e+00 0.00000e+00 0.00000e+00
       -3.21819 0.00000e+00 0.00000e+00 0.00000e+00 0.00000e+00 0.00000e+00 0.00000e+00
       -3.21589 0.00000e+00 0.00000e+00 0.00000e+00 0.00000e+00 0.00000e+00 0.00000e+00
       -3.21359 0.00000e+00 0.00000e+00 0.00000e+00 0.00000e+00 0.00000e+00 0.00000e+00
       -3.21129 0.00000e+00 0.00000e+00 0.00000e+00 0.00000e+00 0.00000e+00 0.00000e+00
       -3.20899 0.00000e+00 0.00000e+00 0.00000e+00 0.00000e+00 0.00000e+00 0.00000e+00
       -3.20669 0.00000e+00 0.00000e+00 0.00000e+00 0.00000e+00 0.00000e+00 0.00000e+00
       -3.20439 0.00000e+00 0.00000e+00 0.00000e+00 0.00000e+00 0.00000e+00 0.00000e+00
       -3.20209 0.00000e+00 0.00000e+00 0.00000e+00 0.00000e+00 0.00000e+00 0.00000e+00
       -3.19978 0.00000e+00 0.00000e+00 0.00000e+00 0.00000e+00 0.00000e+00 0.00000e+00
       -3.19748 0.00000e+00 0.00000e+00 0.00000e+00 0.00000e+00 0.00000e+00 0.00000e+00
       -3.19518 0.00000e+00 0.00000e+00 0.00000e+00 0.00000e+00 0.00000e+00 0.00000e+00
       -3.19288 0.00000e+00 0.00000e+00 0.00000e+00 0.00000e+00 0.00000e+00 0.00000e+00
       -3.19058 0.00000e+00 0.00000e+00 0.00000e+00 0.00000e+00 0.00000e+00 0.00000e+00
       -3.18828 0.00000e+00 0.00000e+00 0.00000e+00 0.00000e+00 0.00000e+00 0.00000e+00
       -3.18598 0.00000e+00 0.00000e+00 0.00000e+00 0.00000e+00 0.00000e+00 0.00000e+00
       -3.18368 0.00000e+00 0.00000e+00 0.00000e+00 0.00000e+00 0.00000e+00 0.00000e+00
       -3.18138 0.00000e+00 0.00000e+00 0.00000e+00 0.00000e+00 0.00000e+00 0.00000e+00
       -3.17908 0.00000e+00 0.00000e+00 0.00000e+00 0.00000e+00 0.00000e+00 0.00000e+00
       -3.17677 0.00000e+00 0.00000e+00 0.00000e+00 0.00000e+00 0.00000e+00 0.00000e+00
       -3.17447 0.00000e+00 0.00000e+00 0.00000e+00 0.00000e+00 0.00000e+00 0.00000e+00
       -3.17217 0.00000e+00 0.00000e+00 0.00000e+00 0.00000e+00 0.00000e+00 0.00000e+00
       -3.16987 0.00000e+00 0.00000e+00 0.00000e+00 0.00000e+00 0.00000e+00 0.00000e+00
       -3.16757 0.00000e+00 0.00000e+00 0.00000e+00 0.00000e+00 0.00000e+00 0.00000e+00
       -3.16527 0.00000e+00 0.00000e+00 0.00000e+00 0.00000e+00 0.00000e+00 0.00000e+00
       -3.16297 0.00000e+00 0.00000e+00 0.00000e+00 0.00000e+00 0.00000e+00 0.00000e+00
       -3.16067 0.00000e+00 0.00000e+00 0.00000e+00 0.00000e+00 0.00000e+00 0.00000e+00
       -3.15837 0.00000e+00 0.00000e+00 0.00000e+00 0.00000e+00 0.00000e+00 0.00000e+00
       -3.15606 0.00000e+00 0.00000e+00 0.00000e+00 0.00000e+00 0.00000e+00 0.00000e+00
       -3.15376 0.00000e+00 0.00000e+00 0.00000e+00 0.00000e+00 0.00000e+00 0.00000e+00
       -3.15146 0.00000e+00 0.00000e+00 0.00000e+00 0.00000e+00 0.00000e+00 0.00000e+00
       -3.14916 0.00000e+00 0.00000e+00 0.00000e+00 0.00000e+00 0.00000e+00 0.00000e+00
       -3.14686 0.00000e+00 0.00000e+00 0.00000e+00 0.00000e+00 0.00000e+00 0.00000e+00
       -3.14456 0.00000e+00 0.00000e+00 0.00000e+00 0.00000e+00 0.00000e+00 0.00000e+00
       -3.14226 0.00000e+00 0.00000e+00 0.00000e+00 0.00000e+00 0.00000e+00 0.00000e+00
       -3.13996 0.00000e+00 0.00000e+00 0.00000e+00 0.00000e+00 0.00000e+00 0.00000e+00
       -3.13766 0.00000e+00 0.00000e+00 0.00000e+00 0.00000e+00 0.00000e+00 0.00000e+00
       -3.13536 0.00000e+00 0.00000e+00 0.00000e+00 0.00000e+00 0.00000e+00 0.00000e+00
       -3.13306 0.00000e+00 0.00000e+00 0.00000e+00 0.00000e+00 0.00000e+00 0.00000e+00
       -3.13075 0.00000e+00 0.00000e+00 0.00000e+00 0.00000e+00 0.00000e+00 0.00000e+00
       -3.12845 0.00000e+00 0.00000e+00 0.00000e+00 0.00000e+00 0.00000e+00 0.00000e+00
       -3.12615 0.00000e+00 0.00000e+00 0.00000e+00 0.00000e+00 0.00000e+00 0.00000e+00
       -3.12385 0.00000e+00 0.00000e+00 0.00000e+00 0.00000e+00 0.00000e+00 0.00000e+00
       -3.12155 0.00000e+00 0.00000e+00 0.00000e+00 0.00000e+00 0.00000e+00 0.00000e+00
       -3.11925 0.00000e+00 0.00000e+00 0.00000e+00 0.00000e+00 0.00000e+00 0.00000e+00
       -3.11695 0.00000e+00 0.00000e+00 0.00000e+00 0.00000e+00 0.00000e+00 0.00000e+00
       -3.11465 0.00000e+00 0.00000e+00 0.00000e+00 0.00000e+00 0.00000e+00 0.00000e+00
       -3.11235 0.00000e+00 0.00000e+00 0.00000e+00 0.00000e+00 0.00000e+00 0.00000e+00
       -3.11004 0.00000e+00 0.00000e+00 0.00000e+00 0.00000e+00 0.00000e+00 0.00000e+00
       -3.10774 0.00000e+00 0.00000e+00 0.00000e+00 0.00000e+00 0.00000e+00 0.00000e+00
       -3.10544 0.00000e+00 0.00000e+00 0.00000e+00 0.00000e+00 0.00000e+00 0.00000e+00
       -3.10314 0.00000e+00 0.00000e+00 0.00000e+00 0.00000e+00 0.00000e+00 0.00000e+00
       -3.10084 0.00000e+00 0.00000e+00 0.00000e+00 0.00000e+00 0.00000e+00 0.00000e+00
       -3.09854 0.00000e+00 0.00000e+00 0.00000e+00 0.00000e+00 0.00000e+00 0.00000e+00
       -3.09624 0.00000e+00 0.00000e+00 0.00000e+00 0.00000e+00 0.00000e+00 0.00000e+00
       -3.09394 0.00000e+00 0.00000e+00 0.00000e+00 0.00000e+00 0.00000e+00 0.00000e+00
       -3.09164 0.00000e+00 0.00000e+00 0.00000e+00 0.00000e+00 0.00000e+00 0.00000e+00
       -3.08934 0.00000e+00 0.00000e+00 0.00000e+00 0.00000e+00 0.00000e+00 0.00000e+00
       -3.08703 0.00000e+00 0.00000e+00 0.00000e+00 0.00000e+00 0.00000e+00 0.00000e+00
       -3.08473 0.00000e+00 0.00000e+00 0.00000e+00 0.00000e+00 0.00000e+00 0.00000e+00
       -3.08243 0.00000e+00 0.00000e+00 0.00000e+00 0.00000e+00 0.00000e+00 0.00000e+00
       -3.08013 0.00000e+00 0.00000e+00 0.00000e+00 0.00000e+00 0.00000e+00 0.00000e+00
       -3.07783 0.00000e+00 0.00000e+00 0.00000e+00 0.00000e+00 0.00000e+00 0.00000e+00
       -3.07553 0.00000e+00 0.00000e+00 0.00000e+00 0.00000e+00 0.00000e+00 0.00000e+00
       -3.07323 0.00000e+00 0.00000e+00 0.00000e+00 0.00000e+00 0.00000e+00 0.00000e+00
       -3.07093 0.00000e+00 0.00000e+00 0.00000e+00 0.00000e+00 0.00000e+00 0.00000e+00
       -3.06863 0.00000e+00 0.00000e+00 0.00000e+00 0.00000e+00 0.00000e+00 0.00000e+00
       -3.06632 0.00000e+00 0.00000e+00 0.00000e+00 0.00000e+00 0.00000e+00 0.00000e+00
       -3.06402 0.00000e+00 0.00000e+00 0.00000e+00 0.00000e+00 0.00000e+00 0.00000e+00
       -3.06172 0.00000e+00 0.00000e+00 0.00000e+00 0.00000e+00 0.00000e+00 0.00000e+00
       -3.05942 0.00000e+00 0.00000e+00 0.00000e+00 0.00000e+00 0.00000e+00 0.00000e+00
       -3.05712 0.00000e+00 0.00000e+00 0.00000e+00 0.00000e+00 0.00000e+00 0.00000e+00
       -3.05482 0.00000e+00 0.00000e+00 0.00000e+00 0.00000e+00 0.00000e+00 0.00000e+00
       -3.05252 0.00000e+00 0.00000e+00 0.00000e+00 0.00000e+00 0.00000e+00 0.00000e+00
       -3.05022 0.00000e+00 0.00000e+00 0.00000e+00 0.00000e+00 0.00000e+00 0.00000e+00
       -3.04792 0.00000e+00 0.00000e+00 0.00000e+00 0.00000e+00 0.00000e+00 0.00000e+00
       -3.04562 0.00000e+00 0.00000e+00 0.00000e+00 0.00000e+00 0.00000e+00 0.00000e+00
       -3.04332 0.00000e+00 0.00000e+00 0.00000e+00 0.00000e+00 0.00000e+00 0.00000e+00
       -3.04101 0.00000e+00 0.00000e+00 0.00000e+00 0.00000e+00 0.00000e+00 0.00000e+00
       -3.03871 0.00000e+00 0.00000e+00 0.00000e+00 0.00000e+00 0.00000e+00 0.00000e+00
       -3.03641 0.00000e+00 0.00000e+00 0.00000e+00 0.00000e+00 0.00000e+00 0.00000e+00
       -3.03411 0.00000e+00 0.00000e+00 0.00000e+00 0.00000e+00 0.00000e+00 0.00000e+00
       -3.03181 0.00000e+00 0.00000e+00 0.00000e+00 0.00000e+00 0.00000e+00 0.00000e+00
       -3.02951 0.00000e+00 0.00000e+00 0.00000e+00 0.00000e+00 0.00000e+00 0.00000e+00
       -3.02721 0.00000e+00 0.00000e+00 0.00000e+00 0.00000e+00 0.00000e+00 0.00000e+00
       -3.02491 0.00000e+00 0.00000e+00 0.00000e+00 0.00000e+00 0.00000e+00 0.00000e+00
       -3.02260 0.00000e+00 0.00000e+00 0.00000e+00 0.00000e+00 0.00000e+00 0.00000e+00
       -3.02030 0.00000e+00 0.00000e+00 0.00000e+00 0.00000e+00 0.00000e+00 0.00000e+00
       -3.01800 0.00000e+00 0.00000e+00 0.00000e+00 0.00000e+00 0.00000e+00 0.00000e+00
       -3.01570 0.00000e+00 0.00000e+00 0.00000e+00 0.00000e+00 0.00000e+00 0.00000e+00
       -3.01340 0.00000e+00 0.00000e+00 0.00000e+00 0.00000e+00 0.00000e+00 0.00000e+00
       -3.01110 0.00000e+00 0.00000e+00 0.00000e+00 0.00000e+00 0.00000e+00 0.00000e+00
       -3.00880 0.00000e+00 0.00000e+00 0.00000e+00 0.00000e+00 0.00000e+00 0.00000e+00
       -3.00650 0.00000e+00 0.00000e+00 0.00000e+00 0.00000e+00 0.00000e+00 0.00000e+00
       -3.00420 0.00000e+00 0.00000e+00 0.00000e+00 0.00000e+00 0.00000e+00 0.00000e+00
       -3.00190 0.00000e+00 0.00000e+00 0.00000e+00 0.00000e+00 0.00000e+00 0.00000e+00
       -2.99959 0.00000e+00 0.00000e+00 0.00000e+00 3.03863e-09 0.00000e+00 0.00000e+00
       -2.99729 0.00000e+00 0.00000e+00 0.00000e+00 2.03564e-08 0.00000e+00 0.00000e+00
       -2.99499 0.00000e+00 0.00000e+00 0.00000e+00 3.77662e-08 0.00000e+00 0.00000e+00
       -2.99269 0.00000e+00 0.00000e+00 0.00000e+00 5.52685e-08 0.00000e+00 0.00000e+00
       -2.99039 0.00000e+00 0.00000e+00 0.00000e+00 7.28638e-08 0.00000e+00 0.00000e+00
       -2.98809 0.00000e+00 0.00000e+00 0.00000e+00 9.05525e-08 0.00000e+00 0.00000e+00
       -2.98579 0.00000e+00 0.00000e+00 0.00000e+00 1.08335e-07 0.00000e+00 0.00000e+00
       -2.98349 0.00000e+00 0.00000e+00 0.00000e+00 1.26212e-07 0.00000e+00 0.00000e+00
       -2.98119 0.00000e+00 0.00000e+00 0.00000e+00 1.44185e-07 0.00000e+00 0.00000e+00
       -2.97889 0.00000e+00 0.00000e+00 0.00000e+00 1.62252e-07 0.00000e+00 0.00000e+00
       -2.97659 0.00000e+00 0.00000e+00 0.00000e+00 1.80416e-07 0.00000e+00 0.00000e+00
       -2.97428 0.00000e+00 0.00000e+00 0.00000e+00 1.98676e-07 0.00000e+00 0.00000e+00
       -2.97198 0.00000e+00 0.00000e+00 0.00000e+00 2.17033e-07 0.00000e+00 0.00000e+00
       -2.96968 0.00000e+00 0.00000e+00 0.00000e+00 2.35487e-07 0.00000e+00 0.00000e+00
       -2.96738 0.00000e+00 0.00000e+00 0.00000e+00 2.54040e-07 0.00000e+00 0.00000e+00
       -2.96508 0.00000e+00 0.00000e+00 0.00000e+00 2.72691e-07 0.00000e+00 0.00000e+00
       -2.96278 0.00000e+00 0.00000e+00 0.00000e+00 2.91442e-07 0.00000e+00 0.00000e+00
       -2.96048 0.00000e+00 0.00000e+00 0.00000e+00 3.10291e-07 0.00000e+00 0.00000e+00
       -2.95818 0.00000e+00 0.00000e+00 0.00000e+00 3.29242e-07 0.00000e+00 0.00000e+00
       -2.95587 0.00000e+00 0.00000e+00 0.00000e+00 3.48301e-07 0.00000e+00 0.00000e+00
       -2.95357 0.00000e+00 0.00000e+00 0.00000e+00 3.67452e-07 0.00000e+00 0.00000e+00
       -2.95127 0.00000e+00 0.00000e+00 0.00000e+00 3.86706e-07 0.00000e+00 0.00000e+00
       -2.94897 0.00000e+00 0.00000e+00 0.00000e+00 4.06062e-07 0.00000e+00 0.00000e+00
       -2.94667 0.00000e+00 0.00000e+00 0.00000e+00 4.25521e-07 0.00000e+00 0.00000e+00
       -2.94437 0.00000e+00 0.00000e+00 0.00000e+00 4.45083e-07 0.00000e+00 0.00000e+00
       -2.94207 0.00000e+00 0.00000e+00 0.00000e+00 4.64749e-07 0.00000e+00 0.00000e+00
       -2.93977 0.00000e+00 0.00000e+00 0.00000e+00 4.84520e-07 0.00000e+00 0.00000e+00
       -2.93747 0.00000e+00 0.00000e+00 0.00000e+00 5.04395e-07 0.00000e+00 0.00000e+00
       -2.93517 0.00000e+00 0.00000e+00 0.00000e+00 5.24376e-07 0.00000e+00 0.00000e+00
       -2.93287 0.00000e+00 0.00000e+00 0.00000e+00 5.44464e-07 0.00000e+00 0.00000e+00
       -2.93056 0.00000e+00 0.00000e+00 0.00000e+00 5.64658e-07 0.00000e+00 0.00000e+00
       -2.92826 0.00000e+00 0.00000e+00 0.00000e+00 5.84959e-07 0.00000e+00 0.00000e+00
       -2.92596 0.00000e+00 0.00000e+00 0.00000e+00 6.05368e-07 0.00000e+00 0.00000e+00
       -2.92366 0.00000e+00 0.00000e+00 0.00000e+00 6.25886e-07 0.00000e+00 0.00000e+00
       -2.92136 0.00000e+00 0.00000e+00 0.00000e+00 6.46512e-07 0.00000e+00 0.00000e+00
       -2.91906 0.00000e+00 0.00000e+00 0.00000e+00 6.67248e-07 0.00000e+00 0.00000e+00
       -2.91676 0.00000e+00 0.00000e+00 0.00000e+00 6.88095e-07 0.00000e+00 0.00000e+00
       -2.91446 0.00000e+00 0.00000e+00 0.00000e+00 7.09052e-07 0.00000e+00 0.00000e+00
       -2.91216 0.00000e+00 0.00000e+00 0.00000e+00 7.30120e-07 0.00000e+00 0.00000e+00
       -2.90985 0.00000e+00 0.00000e+00 0.00000e+00 7.51300e-07 0.00000e+00 0.00000e+00
       -2.90755 0.00000e+00 0.00000e+00 0.00000e+00 7.72593e-07 0.00000e+00 0.00000e+00
       -2.90525 0.00000e+00 0.00000e+00 0.00000e+00 7.93999e-07 0.00000e+00 0.00000e+00
       -2.90295 0.00000e+00 0.00000e+00 0.00000e+00 8.15519e-07 0.00000e+00 0.00000e+00
       -2.90065 0.00000e+00 0.00000e+00 0.00000e+00 8.37153e-07 0.00000e+00 0.00000e+00
       -2.89835 0.00000e+00 0.00000e+00 0.00000e+00 8.58902e-07 0.00000e+00 0.00000e+00
       -2.89605 0.00000e+00 0.00000e+00 0.00000e+00 8.80766e-07 0.00000e+00 0.00000e+00
       -2.89375 0.00000e+00 0.00000e+00 0.00000e+00 9.02746e-07 0.00000e+00 0.00000e+00
       -2.89145 0.00000e+00 0.00000e+00 0.00000e+00 9.24844e-07 0.00000e+00 0.00000e+00
       -2.88915 0.00000e+00 0.00000e+00 0.00000e+00 9.47059e-07 0.00000e+00 0.00000e+00
       -2.88685 0.00000e+00 0.00000e+00 0.00000e+00 9.69391e-07 0.00000e+00 0.00000e+00
       -2.88454 0.00000e+00 0.00000e+00 0.00000e+00 9.91843e-07 0.00000e+00 0.00000e+00
       -2.88224 0.00000e+00 0.00000e+00 0.00000e+00 1.01441e-06 0.00000e+00 0.00000e+00
       -2.87994 0.00000e+00 0.00000e+00 0.00000e+00 1.03710e-06 0.00000e+00 0.00000e+00
       -2.87764 0.00000e+00 0.00000e+00 0.00000e+00 1.05992e-06 0.00000e+00 0.00000e+00
       -2.87534 0.00000e+00 0.00000e+00 0.00000e+00 1.08286e-06 0.00000e+00 0.00000e+00
       -2.87304 0.00000e+00 0.00000e+00 0.00000e+00 1.10591e-06 0.00000e+00 0.00000e+00
       -2.87074 0.00000e+00 0.00000e+00 0.00000e+00 1.12909e-06 0.00000e+00 0.00000e+00
       -2.86844 0.00000e+00 0.00000e+00 0.00000e+00 1.15239e-06 0.00000e+00 0.00000e+00
       -2.86613 0.00000e+00 0.00000e+00 0.00000e+00 1.17581e-06 0.00000e+00 0.00000e+00
       -2.86383 0.00000e+00 0.00000e+00 0.00000e+00 1.19936e-06 0.00000e+00 0.00000e+00
       -2.86153 0.00000e+00 0.00000e+00 0.00000e+00 1.22303e-06 0.00000e+00 0.00000e+00
       -2.85923 0.00000e+00 0.00000e+00 0.00000e+00 1.24683e-06 0.00000e+00 0.00000e+00
       -2.85693 0.00000e+00 0.00000e+00 0.00000e+00 1.27076e-06 0.00000e+00 0.00000e+00
       -2.85463 0.00000e+00 0.00000e+00 0.00000e+00 1.29481e-06 0.00000e+00 0.00000e+00
       -2.85233 0.00000e+00 0.00000e+00 0.00000e+00 1.31899e-06 0.00000e+00 0.00000e+00
       -2.85003 0.00000e+00 0.00000e+00 0.00000e+00 1.34330e-06 0.00000e+00 0.00000e+00
       -2.84773 0.00000e+00 0.00000e+00 0.00000e+00 1.36773e-06 0.00000e+00 0.00000e+00
       -2.84543 0.00000e+00 0.00000e+00 0.00000e+00 1.39230e-06 0.00000e+00 0.00000e+00
       -2.84313 0.00000e+00 0.00000e+00 0.00000e+00 1.41700e-06 0.00000e+00 0.00000e+00
       -2.84082 0.00000e+00 0.00000e+00 0.00000e+00 1.44183e-06 0.00000e+00 0.00000e+00
       -2.83852 0.00000e+00 0.00000e+00 0.00000e+00 1.46679e-06 0.00000e+00 0.00000e+00
       -2.83622 0.00000e+00 0.00000e+00 0.00000e+00 1.49188e-06 0.00000e+00 0.00000e+00
       -2.83392 0.00000e+00 0.00000e+00 0.00000e+00 1.51711e-06 0.00000e+00 0.00000e+00
       -2.83162 0.00000e+00 0.00000e+00 0.00000e+00 1.54247e-06 0.00000e+00 0.00000e+00
       -2.82932 0.00000e+00 0.00000e+00 0.00000e+00 1.56797e-06 0.00000e+00 0.00000e+00
       -2.82702 0.00000e+00 0.00000e+00 0.00000e+00 1.59360e-06 0.00000e+00 0.00000e+00
       -2.82472 0.00000e+00 0.00000e+00 0.00000e+00 1.61937e-06 0.00000e+00 0.00000e+00
       -2.82242 0.00000e+00 0.00000e+00 0.00000e+00 1.64527e-06 0.00000e+00 0.00000e+00
       -2.82011 0.00000e+00 0.00000e+00 0.00000e+00 1.67131e-06 0.00000e+00 0.00000e+00
       -2.81781 0.00000e+00 0.00000e+00 0.00000e+00 1.69749e-06 0.00000e+00 0.00000e+00
       -2.81551 0.00000e+00 0.00000e+00 0.00000e+00 1.72381e-06 0.00000e+00 0.00000e+00
       -2.81321 0.00000e+00 0.00000e+00 0.00000e+00 1.75027e-06 0.00000e+00 0.00000e+00
       -2.81091 0.00000e+00 0.00000e+00 0.00000e+00 1.77687e-06 0.00000e+00 0.00000e+00
       -2.80861 0.00000e+00 0.00000e+00 0.00000e+00 1.80361e-06 0.00000e+00 0.00000e+00
       -2.80631 0.00000e+00 0.00000e+00 0.00000e+00 1.83049e-06 0.00000e+00 0.00000e+00
       -2.80401 0.00000e+00 0.00000e+00 0.00000e+00 1.85752e-06 0.00000e+00 0.00000e+00
       -2.80171 0.00000e+00 0.00000e+00 0.00000e+00 1.88470e-06 0.00000e+00 0.00000e+00
       -2.79941 0.00000e+00 0.00000e+00 0.00000e+00 1.91202e-06 0.00000e+00 0.00000e+00
       -2.79710 0.00000e+00 0.00000e+00 0.00000e+00 1.93947e-06 0.00000e+00 0.00000e+00
       -2.79480 0.00000e+00 0.00000e+00 0.00000e+00 1.96708e-06 0.00000e+00 0.00000e+00
       -2.79250 0.00000e+00 0.00000e+00 0.00000e+00 1.99483e-06 0.00000e+00 0.00000e+00
       -2.79020 0.00000e+00 0.00000e+00 0.00000e+00 2.02273e-06 0.00000e+00 0.00000e+00
       -2.78790 0.00000e+00 0.00000e+00 0.00000e+00 2.05078e-06 0.00000e+00 0.00000e+00
       -2.78560 0.00000e+00 0.00000e+00 0.00000e+00 2.07897e-06 0.00000e+00 0.00000e+00
       -2.78330 0.00000e+00 0.00000e+00 0.00000e+00 2.10732e-06 0.00000e+00 0.00000e+00
       -2.78100 0.00000e+00 0.00000e+00 0.00000e+00 2.13581e-06 0.00000e+00 0.00000e+00
       -2.77870 0.00000e+00 0.00000e+00 0.00000e+00 2.16446e-06 0.00000e+00 0.00000e+00
       -2.77639 0.00000e+00 0.00000e+00 0.00000e+00 2.19326e-06 0.00000e+00 0.00000e+00
       -2.77409 0.00000e+00 0.00000e+00 0.00000e+00 2.22222e-06 0.00000e+00 0.00000e+00
       -2.77179 0.00000e+00 0.00000e+00 0.00000e+00 2.25132e-06 0.00000e+00 0.00000e+00
       -2.76949 0.00000e+00 0.00000e+00 0.00000e+00 2.28058e-06 0.00000e+00 0.00000e+00
       -2.76719 0.00000e+00 0.00000e+00 0.00000e+00 2.31000e-06 0.00000e+00 0.00000e+00
       -2.76489 0.00000e+00 0.00000e+00 0.00000e+00 2.33957e-06 0.00000e+00 0.00000e+00
       -2.76259 0.00000e+00 0.00000e+00 0.00000e+00 2.36930e-06 0.00000e+00 0.00000e+00
       -2.76029 0.00000e+00 0.00000e+00 0.00000e+00 2.39919e-06 0.00000e+00 0.00000e+00
       -2.75799 0.00000e+00 0.00000e+00 0.00000e+00 2.42924e-06 0.00000e+00 0.00000e+00
       -2.75569 0.00000e+00 0.00000e+00 0.00000e+00 2.45944e-06 0.00000e+00 0.00000e+00
       -2.75339 0.00000e+00 0.00000e+00 0.00000e+00 2.48981e-06 0.00000e+00 0.00000e+00
       -2.75108 0.00000e+00 0.00000e+00 0.00000e+00 2.52034e-06 0.00000e+00 0.00000e+00
       -2.74878 0.00000e+00 0.00000e+00 0.00000e+00 2.55103e-06 0.00000e+00 0.00000e+00
       -2.74648 0.00000e+00 0.00000e+00 0.00000e+00 2.58188e-06 0.00000e+00 0.00000e+00
       -2.74418 0.00000e+00 0.00000e+00 0.00000e+00 2.61290e-06 0.00000e+00 0.00000e+00
       -2.74188 0.00000e+00 0.00000e+00 0.00000e+00 2.64408e-06 0.00000e+00 0.00000e+00
       -2.73958 0.00000e+00 0.00000e+00 0.00000e+00 2.67543e-06 0.00000e+00 0.00000e+00
       -2.73728 0.00000e+00 0.00000e+00 0.00000e+00 2.70695e-06 0.00000e+00 0.00000e+00
       -2.73498 0.00000e+00 0.00000e+00 0.00000e+00 2.73863e-06 0.00000e+00 0.00000e+00
       -2.73268 0.00000e+00 0.00000e+00 0.00000e+00 2.77048e-06 0.00000e+00 0.00000e+00
       -2.73037 0.00000e+00 0.00000e+00 0.00000e+00 2.80250e-06 0.00000e+00 0.00000e+00
       -2.72807 0.00000e+00 0.00000e+00 0.00000e+00 2.83469e-06 0.00000e+00 0.00000e+00
       -2.72577 0.00000e+00 0.00000e+00 0.00000e+00 2.86706e-06 0.00000e+00 0.00000e+00
       -2.72347 0.00000e+00 0.00000e+00 0.00000e+00 2.89959e-06 0.00000e+00 0.00000e+00
       -2.72117 0.00000e+00 0.00000e+00 0.00000e+00 2.93230e-06 0.00000e+00 0.00000e+00
       -2.71887 0.00000e+00 0.00000e+00 0.00000e+00 2.96518e-06 0.00000e+00 0.00000e+00
       -2.71657 0.00000e+00 0.00000e+00 0.00000e+00 2.99823e-06 0.00000e+00 0.00000e+00
       -2.71427 0.00000e+00 0.00000e+00 0.00000e+00 3.03146e-06 0.00000e+00 0.00000e+00
       -2.71197 0.00000e+00 0.00000e+00 0.00000e+00 3.06487e-06 0.00000e+00 0.00000e+00
       -2.70967 0.00000e+00 0.00000e+00 0.00000e+00 3.09845e-06 0.00000e+00 0.00000e+00
       -2.70736 0.00000e+00 0.00000e+00 0.00000e+00 3.13221e-06 0.00000e+00 0.00000e+00
       -2.70506 0.00000e+00 0.00000e+00 0.00000e+00 3.16615e-06 0.00000e+00 0.00000e+00
       -2.70276 0.00000e+00 0.00000e+00 0.00000e+00 3.20027e-06 0.00000e+00 0.00000e+00
       -2.70046 0.00000e+00 0.00000e+00 0.00000e+00 3.23458e-06 0.00000e+00 0.00000e+00
       -2.69816 0.00000e+00 0.00000e+00 0.00000e+00 3.34201e-06 0.00000e+00 0.00000e+00
       -2.69586 0.00000e+00 0.00000e+00 0.00000e+00 3.58467e-06 0.00000e+00 0.00000e+00
       -2.69356 0.00000e+00 0.00000e+00 0.00000e+00 3.82861e-06 0.00000e+00 0.00000e+00
       -2.69126 0.00000e+00 0.00000e+00 0.00000e+00 4.07384e-06 0.00000e+00 0.00000e+00
       -2.68896 0.00000e+00 0.00000e+00 0.00000e+00 4.32038e-06 0.00000e+00 0.00000e+00
       -2.68666 0.00000e+00 0.00000e+00 0.00000e+00 4.56823e-06 0.00000e+00 0.00000e+00
       -2.68435 0.00000e+00 0.00000e+00 0.00000e+00 4.81740e-06 0.00000e+00 0.00000e+00
       -2.68205 0.00000e+00 0.00000e+00 0.00000e+00 5.06789e-06 0.00000e+00 0.00000e+00
       -2.67975 0.00000e+00 0.00000e+00 0.00000e+00 5.31971e-06 0.00000e+00 0.00000e+00
       -2.67745 0.00000e+00 0.00000e+00 0.00000e+00 5.57287e-06 0.00000e+00 0.00000e+00
       -2.67515 0.00000e+00 0.00000e+00 0.00000e+00 5.82737e-06 0.00000e+00 0.00000e+00
       -2.67285 0.00000e+00 0.00000e+00 0.00000e+00 6.08322e-06 0.00000e+00 0.00000e+00
       -2.67055 0.00000e+00 0.00000e+00 0.00000e+00 6.34044e-06 0.00000e+00 0.00000e+00
       -2.66825 0.00000e+00 0.00000e+00 0.00000e+00 6.59902e-06 0.00000e+00 0.00000e+00
       -2.66595 0.00000e+00 0.00000e+00 0.00000e+00 6.85897e-06 0.00000e+00 0.00000e+00
       -2.66364 0.00000e+00 0.00000e+00 0.00000e+00 7.12031e-06 0.00000e+00 0.00000e+00
       -2.66134 0.00000e+00 0.00000e+00 0.00000e+00 7.38303e-06 0.00000e+00 0.00000e+00
       -2.65904 0.00000e+00 0.00000e+00 0.00000e+00 7.64715e-06 0.00000e+00 0.00000e+00
       -2.65674 0.00000e+00 0.00000e+00 0.00000e+00 7.91267e-06 0.00000e+00 0.00000e+00
       -2.65444 0.00000e+00 0.00000e+00 0.00000e+00 8.17961e-06 0.00000e+00 0.00000e+00
       -2.65214 0.00000e+00 0.00000e+00 0.00000e+00 8.44796e-06 0.00000e+00 0.00000e+00
       -2.64984 0.00000e+00 0.00000e+00 0.00000e+00 8.71773e-06 0.00000e+00 0.00000e+00
       -2.64754 0.00000e+00 0.00000e+00 0.00000e+00 8.98906e-06 0.00000e+00 0.00000e+00
       -2.64524 0.00000e+00 0.00000e+00 0.00000e+00 9.26171e-06 0.00000e+00 0.00000e+00
       -2.64294 0.00000e+00 0.00000e+00 0.00000e+00 9.53581e-06 0.00000e+00 0.00000e+00
       -2.64063 0.00000e+00 0.00000e+00 0.00000e+00 9.81137e-06 0.00000e+00 0.00000e+00
       -2.63833 0.00000e+00 0.00000e+00 0.00000e+00 1.00884e-05 0.00000e+00 0.00000e+00
       -2.63603 0.00000e+00 0.00000e+00 0.00000e+00 1.03669e-05 0.00000e+00 0.00000e+00
       -2.63373 0.00000e+00 0.00000e+00 0.00000e+00 1.06468e-05 0.00000e+00 0.00000e+00
       -2.63143 0.00000e+00 0.00000e+00 0.00000e+00 1.09283e-05 0.00000e+00 0.00000e+00
       -2.62913 0.00000e+00 0.00000e+00 0.00000e+00 1.12113e-05 0.00000e+00 0.00000e+00
       -2.62683 0.00000e+00 0.00000e+00 0.00000e+00 1.14957e-05 0.00000e+00 0.00000e+00
       -2.62453 0.00000e+00 0.00000e+00 0.00000e+00 1.17817e-05 0.00000e+00 0.00000e+00
       -2.62223 0.00000e+00 0.00000e+00 0.00000e+00 1.20692e-05 0.00000e+00 0.00000e+00
       -2.61992 0.00000e+00 0.00000e+00 0.00000e+00 1.23582e-05 0.00000e+00 0.00000e+00
       -2.61762 0.00000e+00 0.00000e+00 0.00000e+00 1.26487e-05 0.00000e+00 0.00000e+00
       -2.61532 0.00000e+00 0.00000e+00 0.00000e+00 1.29408e-05 0.00000e+00 0.00000e+00
       -2.61302 0.00000e+00 0.00000e+00 0.00000e+00 1.32345e-05 0.00000e+00 0.00000e+00
       -2.61072 0.00000e+00 0.00000e+00 0.00000e+00 1.35297e-05 0.00000e+00 0.00000e+00
       -2.60842 0.00000e+00 0.00000e+00 0.00000e+00 1.38264e-05 0.00000e+00 0.00000e+00
       -2.60612 0.00000e+00 0.00000e+00 0.00000e+00 1.41248e-05 0.00000e+00 0.00000e+00
       -2.60382 0.00000e+00 0.00000e+00 0.00000e+00 1.44247e-05 0.00000e+00 0.00000e+00
       -2.60152 0.00000e+00 0.00000e+00 0.00000e+00 1.47262e-05 0.00000e+00 0.00000e+00
       -2.59922 0.00000e+00 0.00000e+00 0.00000e+00 1.50294e-05 0.00000e+00 0.00000e+00
       -2.59692 0.00000e+00 0.00000e+00 0.00000e+00 1.53341e-05 0.00000e+00 0.00000e+00
       -2.59461 0.00000e+00 0.00000e+00 0.00000e+00 1.56405e-05 0.00000e+00 0.00000e+00
       -2.59231 0.00000e+00 0.00000e+00 0.00000e+00 1.59485e-05 0.00000e+00 0.00000e+00
       -2.59001 0.00000e+00 0.00000e+00 0.00000e+00 1.62581e-05 0.00000e+00 0.00000e+00
       -2.58771 0.00000e+00 0.00000e+00 0.00000e+00 1.65693e-05 0.00000e+00 0.00000e+00
       -2.58541 0.00000e+00 0.00000e+00 0.00000e+00 1.68823e-05 0.00000e+00 0.00000e+00
       -2.58311 0.00000e+00 0.00000e+00 0.00000e+00 1.71968e-05 0.00000e+00 0.00000e+00
       -2.58081 0.00000e+00 0.00000e+00 0.00000e+00 1.75131e-05 0.00000e+00 0.00000e+00
       -2.57851 0.00000e+00 0.00000e+00 0.00000e+00 1.78310e-05 0.00000e+00 0.00000e+00
       -2.57621 0.00000e+00 0.00000e+00 0.00000e+00 1.81507e-05 0.00000e+00 0.00000e+00
       -2.57390 0.00000e+00 0.00000e+00 0.00000e+00 1.84720e-05 0.00000e+00 0.00000e+00
       -2.57160 0.00000e+00 0.00000e+00 0.00000e+00 1.87951e-05 0.00000e+00 0.00000e+00
       -2.56930 0.00000e+00 0.00000e+00 0.00000e+00 1.91199e-05 0.00000e+00 0.00000e+00
       -2.56700 0.00000e+00 0.00000e+00 0.00000e+00 1.94464e-05 0.00000e+00 0.00000e+00
       -2.56470 0.00000e+00 0.00000e+00 0.00000e+00 1.97746e-05 0.00000e+00 0.00000e+00
       -2.56240 0.00000e+00 0.00000e+00 0.00000e+00 2.01045e-05 0.00000e+00 0.00000e+00
       -2.56010 0.00000e+00 0.00000e+00 0.00000e+00 2.04362e-05 0.00000e+00 0.00000e+00
       -2.55780 0.00000e+00 0.00000e+00 0.00000e+00 2.07697e-05 0.00000e+00 0.00000e+00
       -2.55550 0.00000e+00 0.00000e+00 0.00000e+00 2.11049e-05 0.00000e+00 0.00000e+00
       -2.55320 0.00000e+00 0.00000e+00 0.00000e+00 2.14419e-05 0.00000e+00 0.00000e+00
       -2.55089 0.00000e+00 0.00000e+00 0.00000e+00 2.17807e-05 0.00000e+00 0.00000e+00
       -2.54859 0.00000e+00 0.00000e+00 0.00000e+00 2.21213e-05 0.00000e+00 0.00000e+00
       -2.54629 0.00000e+00 0.00000e+00 0.00000e+00 2.24637e-05 0.00000e+00 0.00000e+00
       -2.54399 0.00000e+00 0.00000e+00 0.00000e+00 2.28080e-05 0.00000e+00 0.00000e+00
       -2.54169 0.00000e+00 0.00000e+00 0.00000e+00 2.31540e-05 0.00000e+00 0.00000e+00
       -2.53939 0.00000e+00 0.00000e+00 0.00000e+00 2.35019e-05 0.00000e+00 0.00000e+00
       -2.53709 0.00000e+00 0.00000e+00 0.00000e+00 2.38517e-05 0.00000e+00 0.00000e+00
       -2.53479 0.00000e+00 0.00000e+00 0.00000e+00 2.42033e-05 0.00000e+00 0.00000e+00
       -2.53249 0.00000e+00 0.00000e+00 0.00000e+00 2.45568e-05 0.00000e+00 0.00000e+00
       -2.53018 0.00000e+00 0.00000e+00 0.00000e+00 2.49121e-05 0.00000e+00 0.00000e+00
       -2.52788 0.00000e+00 0.00000e+00 0.00000e+00 2.52693e-05 0.00000e+00 0.00000e+00
       -2.52558 0.00000e+00 0.00000e+00 0.00000e+00 2.56285e-05 0.00000e+00 0.00000e+00
       -2.52328 0.00000e+00 0.00000e+00 0.00000e+00 2.59895e-05 0.00000e+00 0.00000e+00
       -2.52098 0.00000e+00 0.00000e+00 0.00000e+00 2.65895e-05 0.00000e+00 0.00000e+00
       -2.51868 0.00000e+00 0.00000e+00 0.00000e+00 2.72432e-05 0.00000e+00 0.00000e+00
       -2.51638 0.00000e+00 0.00000e+00 0.00000e+00 2.79004e-05 0.00000e+00 0.00000e+00
       -2.51408 0.00000e+00 0.00000e+00 0.00000e+00 2.85611e-05 0.00000e+00 0.00000e+00
       -2.51178 0.00000e+00 0.00000e+00 0.00000e+00 2.92252e-05 0.00000e+00 0.00000e+00
       -2.50948 0.00000e+00 0.00000e+00 0.00000e+00 2.98929e-05 0.00000e+00 0.00000e+00
       -2.50718 0.00000e+00 0.00000e+00 0.00000e+00 3.05642e-05 0.00000e+00 0.00000e+00
       -2.50487 0.00000e+00 0.00000e+00 0.00000e+00 3.12390e-05 0.00000e+00 0.00000e+00
       -2.50257 0.00000e+00 0.00000e+00 0.00000e+00 3.19174e-05 0.00000e+00 0.00000e+00
       -2.50027 0.00000e+00 0.00000e+00 0.00000e+00 3.25994e-05 0.00000e+00 0.00000e+00
       -2.49797 0.00000e+00 0.00000e+00 0.00000e+00 3.32850e-05 0.00000e+00 0.00000e+00
       -2.49567 0.00000e+00 0.00000e+00 0.00000e+00 3.39746e-05 0.00000e+00 0.00000e+00
       -2.49337 0.00000e+00 0.00000e+00 0.00000e+00 3.46675e-05 0.00000e+00 0.00000e+00
       -2.49107 0.00000e+00 0.00000e+00 0.00000e+00 3.53641e-05 0.00000e+00 0.00000e+00
       -2.48877 0.00000e+00 0.00000e+00 0.00000e+00 3.60644e-05 0.00000e+00 0.00000e+00
       -2.48646 0.00000e+00 0.00000e+00 0.00000e+00 3.67685e-05 0.00000e+00 0.00000e+00
       -2.48416 0.00000e+00 0.00000e+00 0.00000e+00 3.74762e-05 0.00000e+00 0.00000e+00
       -2.48186 0.00000e+00 0.00000e+00 0.00000e+00 3.81878e-05 0.00000e+00 0.00000e+00
       -2.47956 0.00000e+00 0.00000e+00 0.00000e+00 3.89031e-05 0.00000e+00 0.00000e+00
       -2.47726 0.00000e+00 0.00000e+00 0.00000e+00 3.96222e-05 0.00000e+00 0.00000e+00
       -2.47496 0.00000e+00 0.00000e+00 0.00000e+00 4.03451e-05 0.00000e+00 0.00000e+00
       -2.47266 0.00000e+00 0.00000e+00 0.00000e+00 4.10719e-05 0.00000e+00 0.00000e+00
       -2.47036 0.00000e+00 0.00000e+00 0.00000e+00 4.18025e-05 0.00000e+00 0.00000e+00
       -2.46806 0.00000e+00 0.00000e+00 0.00000e+00 4.25371e-05 0.00000e+00 0.00000e+00
       -2.46576 0.00000e+00 0.00000e+00 0.00000e+00 4.32755e-05 0.00000e+00 0.00000e+00
       -2.46346 0.00000e+00 0.00000e+00 0.00000e+00 4.40178e-05 0.00000e+00 0.00000e+00
       -2.46115 0.00000e+00 0.00000e+00 0.00000e+00 4.47641e-05 0.00000e+00 0.00000e+00
       -2.45885 0.00000e+00 0.00000e+00 0.00000e+00 4.55143e-05 0.00000e+00 0.00000e+00
       -2.45655 0.00000e+00 0.00000e+00 0.00000e+00 4.62686e-05 0.00000e+00 0.00000e+00
       -2.45425 0.00000e+00 0.00000e+00 0.00000e+00 4.70268e-05 0.00000e+00 0.00000e+00
       -2.45195 0.00000e+00 0.00000e+00 0.00000e+00 4.77891e-05 0.00000e+00 0.00000e+00
       -2.44965 0.00000e+00 0.00000e+00 0.00000e+00 4.85554e-05 0.00000e+00 0.00000e+00
       -2.44735 0.00000e+00 0.00000e+00 0.00000e+00 4.93258e-05 0.00000e+00 0.00000e+00
       -2.44505 0.00000e+00 0.00000e+00 0.00000e+00 5.01003e-05 0.00000e+00 0.00000e+00
       -2.44275 0.00000e+00 0.00000e+00 0.00000e+00 5.08789e-05 0.00000e+00 0.00000e+00
       -2.44044 0.00000e+00 0.00000e+00 0.00000e+00 5.16616e-05 0.00000e+00 0.00000e+00
       -2.43814 0.00000e+00 0.00000e+00 0.00000e+00 5.24485e-05 0.00000e+00 0.00000e+00
       -2.43584 0.00000e+00 0.00000e+00 0.00000e+00 5.32396e-05 0.00000e+00 0.00000e+00
       -2.43354 0.00000e+00 0.00000e+00 0.00000e+00 5.40348e-05 0.00000e+00 0.00000e+00
       -2.43124 0.00000e+00 0.00000e+00 0.00000e+00 5.48343e-05 0.00000e+00 0.00000e+00
       -2.42894 0.00000e+00 0.00000e+00 0.00000e+00 5.56381e-05 0.00000e+00 0.00000e+00
       -2.42664 0.00000e+00 0.00000e+00 0.00000e+00 5.64461e-05 0.00000e+00 0.00000e+00
       -2.42434 0.00000e+00 0.00000e+00 0.00000e+00 5.72584e-05 0.00000e+00 0.00000e+00
       -2.42204 0.00000e+00 0.00000e+00 0.00000e+00 5.80750e-05 0.00000e+00 0.00000e+00
       -2.41974 0.00000e+00 0.00000e+00 0.00000e+00 5.88960e-05 0.00000e+00 0.00000e+00
       -2.41743 0.00000e+00 0.00000e+00 0.00000e+00 5.97216e-05 0.00000e+00 0.00000e+00
       -2.41513 0.00000e+00 0.00000e+00 0.00000e+00 6.05513e-05 0.00000e+00 0.00000e+00
       -2.41283 0.00000e+00 0.00000e+00 0.00000e+00 6.13855e-05 0.00000e+00 0.00000e+00
       -2.41053 0.00000e+00 0.00000e+00 0.00000e+00 6.22240e-05 0.00000e+00 0.00000e+00
       -2.40823 0.00000e+00 0.00000e+00 0.00000e+00 6.30670e-05 0.00000e+00 0.00000e+00
       -2.40593 0.00000e+00 0.00000e+00 0.00000e+00 6.39145e-05 0.00000e+00 0.00000e+00
       -2.40363 0.00000e+00 0.00000e+00 0.00000e+00 6.47665e-05 0.00000e+00 0.00000e+00
       -2.40133 0.00000e+00 0.00000e+00 0.00000e+00 6.56230e-05 0.00000e+00 0.00000e+00
       -2.39903 0.00000e+00 0.00000e+00 0.00000e+00 6.64840e-05 0.00000e+00 0.00000e+00
       -2.39672 0.00000e+00 0.00000e+00 0.00000e+00 6.75489e-05 0.00000e+00 0.00000e+00
       -2.39442 0.00000e+00 0.00000e+00 0.00000e+00 6.87980e-05 0.00000e+00 0.00000e+00
       -2.39212 0.00000e+00 0.00000e+00 0.00000e+00 7.00537e-05 0.00000e+00 0.00000e+00
       -2.38982 0.00000e+00 0.00000e+00 0.00000e+00 7.13161e-05 0.00000e+00 0.00000e+00
       -2.38752 0.00000e+00 0.00000e+00 0.00000e+00 7.25852e-05 0.00000e+00 0.00000e+00
       -2.38522 0.00000e+00 0.00000e+00 0.00000e+00 7.38610e-05 0.00000e+00 0.00000e+00
       -2.38292 0.00000e+00 0.00000e+00 0.00000e+00 7.51436e-05 0.00000e+00 0.00000e+00
       -2.38062 0.00000e+00 0.00000e+00 0.00000e+00 7.64330e-05 0.00000e+00 0.00000e+00
       -2.37832 0.00000e+00 0.00000e+00 0.00000e+00 7.77293e-05 0.00000e+00 0.00000e+00
       -2.37602 0.00000e+00 0.00000e+00 0.00000e+00 7.90324e-05 0.00000e+00 0.00000e+00
       -2.37371 0.00000e+00 0.00000e+00 0.00000e+00 8.03425e-05 0.00000e+00 0.00000e+00
       -2.37141 0.00000e+00 0.00000e+00 0.00000e+00 8.16596e-05 0.00000e+00 0.00000e+00
       -2.36911 0.00000e+00 0.00000e+00 0.00000e+00 8.29836e-05 0.00000e+00 0.00000e+00
       -2.36681 0.00000e+00 0.00000e+00 0.00000e+00 8.43147e-05 0.00000e+00 0.00000e+00
       -2.36451 0.00000e+00 0.00000e+00 0.00000e+00 8.56528e-05 0.00000e+00 0.00000e+00
       -2.36221 0.00000e+00 0.00000e+00 0.00000e+00 8.69981e-05 0.00000e+00 0.00000e+00
       -2.35991 0.00000e+00 0.00000e+00 0.00000e+00 8.83505e-05 0.00000e+00 0.00000e+00
       -2.35761 0.00000e+00 0.00000e+00 0.00000e+00 8.97101e-05 0.00000e+00 0.00000e+00
       -2.35531 0.00000e+00 0.00000e+00 0.00000e+00 9.10769e-05 0.00000e+00 0.00000e+00
       -2.35301 0.00000e+00 0.00000e+00 0.00000e+00 9.24509e-05 0.00000e+00 0.00000e+00
       -2.35071 0.00000e+00 0.00000e+00 0.00000e+00 9.38323e-05 0.00000e+00 0.00000e+00
       -2.34840 0.00000e+00 0.00000e+00 0.00000e+00 9.52210e-05 0.00000e+00 0.00000e+00
       -2.34610 0.00000e+00 0.00000e+00 0.00000e+00 9.66171e-05 0.00000e+00 0.00000e+00
       -2.34380 0.00000e+00 0.00000e+00 0.00000e+00 9.80206e-05 0.00000e+00 0.00000e+00
       -2.34150 0.00000e+00 0.00000e+00 0.00000e+00 9.94321e-05 0.00000e+00 0.00000e+00
       -2.33920 0.00000e+00 0.00000e+00 0.00000e+00 1.00851e-04 0.00000e+00 0.00000e+00
       -2.33690 0.00000e+00 0.00000e+00 0.00000e+00 1.02277e-04 0.00000e+00 0.00000e+00
       -2.33460 0.00000e+00 0.00000e+00 0.00000e+00 1.03710e-04 0.00000e+00 0.00000e+00
       -2.33230 0.00000e+00 0.00000e+00 0.00000e+00 1.05151e-04 0.00000e+00 0.00000e+00
       -2.32999 0.00000e+00 0.00000e+00 0.00000e+00 1.06600e-04 0.00000e+00 0.00000e+00
       -2.32769 0.00000e+00 0.00000e+00 0.00000e+00 1.08057e-04 0.00000e+00 0.00000e+00
       -2.32539 0.00000e+00 0.00000e+00 0.00000e+00 1.09521e-04 0.00000e+00 0.00000e+00
       -2.32309 0.00000e+00 0.00000e+00 0.00000e+00 1.10993e-04 0.00000e+00 0.00000e+00
       -2.32079 0.00000e+00 0.00000e+00 0.00000e+00 1.12473e-04 0.00000e+00 0.00000e+00
       -2.31849 0.00000e+00 0.00000e+00 0.00000e+00 1.13961e-04 0.00000e+00 0.00000e+00
       -2.31619 0.00000e+00 0.00000e+00 0.00000e+00 1.15456e-04 0.00000e+00 0.00000e+00
       -2.31389 0.00000e+00 0.00000e+00 0.00000e+00 1.16960e-04 0.00000e+00 0.00000e+00
       -2.31159 0.00000e+00 0.00000e+00 0.00000e+00 1.18471e-04 0.00000e+00 0.00000e+00
       -2.30929 0.00000e+00 0.00000e+00 0.00000e+00 1.19991e-04 0.00000e+00 0.00000e+00
       -2.30699 0.00000e+00 0.00000e+00 0.00000e+00 1.21519e-04 0.00000e+00 0.00000e+00
       -2.30468 0.00000e+00 0.00000e+00 0.00000e+00 1.23054e-04 0.00000e+00 0.00000e+00
       -2.30238 0.00000e+00 0.00000e+00 0.00000e+00 1.24598e-04 0.00000e+00 0.00000e+00
       -2.30008 0.00000e+00 0.00000e+00 0.00000e+00 1.26340e-04 0.00000e+00 0.00000e+00
       -2.29778 0.00000e+00 0.00000e+00 0.00000e+00 1.28363e-04 0.00000e+00 0.00000e+00
       -2.29548 0.00000e+00 0.00000e+00 0.00000e+00 1.30397e-04 0.00000e+00 0.00000e+00
       -2.29318 0.00000e+00 0.00000e+00 0.00000e+00 1.32441e-04 0.00000e+00 0.00000e+00
       -2.29088 0.00000e+00 0.00000e+00 0.00000e+00 1.34496e-04 0.00000e+00 0.00000e+00
       -2.28858 0.00000e+00 0.00000e+00 0.00000e+00 1.36562e-04 0.00000e+00 0.00000e+00
       -2.28628 0.00000e+00 0.00000e+00 0.00000e+00 1.38640e-04 0.00000e+00 0.00000e+00
       -2.28397 0.00000e+00 0.00000e+00 0.00000e+00 1.40728e-04 0.00000e+00 0.00000e+00
       -2.28167 0.00000e+00 0.00000e+00 0.00000e+00 1.42827e-04 0.00000e+00 0.00000e+00
       -2.27937 0.00000e+00 0.00000e+00 0.00000e+00 1.44937e-04 0.00000e+00 0.00000e+00
       -2.27707 0.00000e+00 0.00000e+00 0.00000e+00 1.47059e-04 0.00000e+00 0.00000e+00
       -2.27477 0.00000e+00 0.00000e+00 0.00000e+00 1.49192e-04 0.00000e+00 0.00000e+00
       -2.27247 0.00000e+00 0.00000e+00 0.00000e+00 1.51336e-04 0.00000e+00 0.00000e+00
       -2.27017 0.00000e+00 0.00000e+00 0.00000e+00 1.53492e-04 0.00000e+00 0.00000e+00
       -2.26787 0.00000e+00 0.00000e+00 0.00000e+00 1.55659e-04 0.00000e+00 0.00000e+00
       -2.26557 0.00000e+00 0.00000e+00 0.00000e+00 1.57838e-04 0.00000e+00 0.00000e+00
       -2.26327 0.00000e+00 0.00000e+00 0.00000e+00 1.60028e-04 0.00000e+00 0.00000e+00
       -2.26096 0.00000e+00 0.00000e+00 0.00000e+00 1.62230e-04 0.00000e+00 0.00000e+00
       -2.25866 0.00000e+00 0.00000e+00 0.00000e+00 1.64444e-04 0.00000e+00 0.00000e+00
       -2.25636 0.00000e+00 0.00000e+00 0.00000e+00 1.66669e-04 0.00000e+00 0.00000e+00
       -2.25406 0.00000e+00 0.00000e+00 0.00000e+00 1.68906e-04 0.00000e+00 0.00000e+00
       -2.25176 0.00000e+00 0.00000e+00 0.00000e+00 1.71155e-04 0.00000e+00 0.00000e+00
       -2.24946 0.00000e+00 0.00000e+00 0.00000e+00 1.73416e-04 0.00000e+00 0.00000e+00
       -2.24716 0.00000e+00 0.00000e+00 0.00000e+00 1.75689e-04 0.00000e+00 0.00000e+00
       -2.24486 0.00000e+00 0.00000e+00 0.00000e+00 1.77974e-04 0.00000e+00 0.00000e+00
       -2.24256 0.00000e+00 0.00000e+00 0.00000e+00 1.80271e-04 0.00000e+00 0.00000e+00
       -2.24025 0.00000e+00 0.00000e+00 0.00000e+00 1.82580e-04 0.00000e+00 0.00000e+00
       -2.23795 0.00000e+00 0.00000e+00 0.00000e+00 1.84902e-04 0.00000e+00 0.00000e+00
       -2.23565 0.00000e+00 0.00000e+00 0.00000e+00 1.87236e-04 0.00000e+00 0.00000e+00
       -2.23335 0.00000e+00 0.00000e+00 0.00000e+00 1.89582e-04 0.00000e+00 0.00000e+00
       -2.23105 0.00000e+00 0.00000e+00 0.00000e+00 1.91941e-04 0.00000e+00 0.00000e+00
       -2.22875 0.00000e+00 0.00000e+00 0.00000e+00 1.94312e-04 0.00000e+00 0.00000e+00
       -2.22645 0.00000e+00 0.00000e+00 0.00000e+00 1.96696e-04 0.00000e+00 0.00000e+00
       -2.22415 0.00000e+00 0.00000e+00 0.00000e+00 1.99093e-04 0.00000e+00 0.00000e+00
       -2.22185 0.00000e+00 0.00000e+00 0.00000e+00 2.01502e-04 0.00000e+00 0.00000e+00
       -2.21955 0.00000e+00 0.00000e+00 0.00000e+00 2.04465e-04 0.00000e+00 0.00000e+00
       -2.21725 0.00000e+00 0.00000e+00 0.00000e+00 2.07443e-04 0.00000e+00 0.00000e+00
       -2.21494 0.00000e+00 0.00000e+00 0.00000e+00 2.10437e-04 0.00000e+00 0.00000e+00
       -2.21264 0.00000e+00 0.00000e+00 0.00000e+00 2.13446e-04 0.00000e+00 0.00000e+00
       -2.21034 0.00000e+00 0.00000e+00 0.00000e+00 2.16472e-04 0.00000e+00 0.00000e+00
       -2.20804 0.00000e+00 0.00000e+00 0.00000e+00 2.19514e-04 0.00000e+00 0.00000e+00
       -2.20574 0.00000e+00 0.00000e+00 0.00000e+00 2.22572e-04 0.00000e+00 0.00000e+00
       -2.20344 0.00000e+00 0.00000e+00 0.00000e+00 2.25647e-04 0.00000e+00 0.00000e+00
       -2.20114 0.00000e+00 0.00000e+00 0.00000e+00 2.28737e-04 0.00000e+00 0.00000e+00
       -2.19884 0.00000e+00 0.00000e+00 0.00000e+00 2.31844e-04 0.00000e+00 0.00000e+00
       -2.19654 0.00000e+00 0.00000e+00 0.00000e+00 2.34968e-04 0.00000e+00 0.00000e+00
       -2.19423 0.00000e+00 0.00000e+00 0.00000e+00 2.38108e-04 0.00000e+00 0.00000e+00
       -2.19193 0.00000e+00 0.00000e+00 0.00000e+00 2.41265e-04 0.00000e+00 0.00000e+00
       -2.18963 0.00000e+00 0.00000e+00 0.00000e+00 2.44438e-04 0.00000e+00 0.00000e+00
       -2.18733 0.00000e+00 0.00000e+00 0.00000e+00 2.47630e-04 0.00000e+00 0.00000e+00
       -2.18503 0.00000e+00 0.00000e+00 0.00000e+00 2.50838e-04 0.00000e+00 0.00000e+00
       -2.18273 0.00000e+00 0.00000e+00 0.00000e+00 2.54062e-04 0.00000e+00 0.00000e+00
       -2.18043 0.00000e+00 0.00000e+00 0.00000e+00 2.57304e-04 0.00000e+00 0.00000e+00
       -2.17813 0.00000e+00 0.00000e+00 0.00000e+00 2.60562e-04 0.00000e+00 0.00000e+00
       -2.17583 0.00000e+00 0.00000e+00 0.00000e+00 2.63839e-04 0.00000e+00 0.00000e+00
       -2.17353 0.00000e+00 0.00000e+00 0.00000e+00 2.67132e-04 0.00000e+00 0.00000e+00
       -2.17122 0.00000e+00 0.00000e+00 0.00000e+00 2.70443e-04 0.00000e+00 0.00000e+00
       -2.16892 0.00000e+00 0.00000e+00 0.00000e+00 2.73772e-04 0.00000e+00 0.00000e+00
       -2.16662 0.00000e+00 0.00000e+00 0.00000e+00 2.77118e-04 0.00000e+00 0.00000e+00
       -2.16432 0.00000e+00 0.00000e+00 0.00000e+00 2.80482e-04 0.00000e+00 0.00000e+00
       -2.16202 0.00000e+00 0.00000e+00 0.00000e+00 2.83864e-04 0.00000e+00 0.00000e+00
       -2.15972 0.00000e+00 0.00000e+00 0.00000e+00 2.87264e-04 0.00000e+00 0.00000e+00
       -2.15742 0.00000e+00 0.00000e+00 0.00000e+00 2.90682e-04 0.00000e+00 0.00000e+00
       -2.15512 0.00000e+00 0.00000e+00 0.00000e+00 2.94118e-04 0.00000e+00 0.00000e+00
       -2.15282 0.00000e+00 0.00000e+00 0.00000e+00 2.98130e-04 0.00000e+00 0.00000e+00
       -2.15051 0.00000e+00 0.00000e+00 0.00000e+00 3.02222e-04 0.00000e+00 0.00000e+00
       -2.14821 0.00000e+00 0.00000e+00 0.00000e+00 3.06335e-04 0.00000e+00 0.00000e+00
       -2.14591 0.00000e+00 0.00000e+00 0.00000e+00 3.10470e-04 0.00000e+00 0.00000e+00
       -2.14361 0.00000e+00 0.00000e+00 0.00000e+00 3.14627e-04 0.00000e+00 0.00000e+00
       -2.14131 0.00000e+00 0.00000e+00 0.00000e+00 3.18806e-04 0.00000e+00 0.00000e+00
       -2.13901 0.00000e+00 0.00000e+00 0.00000e+00 3.23008e-04 0.00000e+00 0.00000e+00
       -2.13671 0.00000e+00 0.00000e+00 0.00000e+00 3.27231e-04 0.00000e+00 0.00000e+00
       -2.13441 0.00000e+00 0.00000e+00 0.00000e+00 3.31477e-04 0.00000e+00 0.00000e+00
       -2.13211 0.00000e+00 0.00000e+00 0.00000e+00 3.35746e-04 0.00000e+00 0.00000e+00
       -2.12981 0.00000e+00 0.00000e+00 0.00000e+00 3.40037e-04 0.00000e+00 0.00000e+00
       -2.12751 0.00000e+00 0.00000e+00 0.00000e+00 3.44352e-04 0.00000e+00 0.00000e+00
       -2.12520 0.00000e+00 0.00000e+00 0.00000e+00 3.48689e-04 0.00000e+00 0.00000e+00
       -2.12290 0.00000e+00 0.00000e+00 0.00000e+00 3.53049e-04 0.00000e+00 0.00000e+00
       -2.12060 0.00000e+00 0.00000e+00 0.00000e+00 3.57432e-04 0.00000e+00 0.00000e+00
       -2.11830 0.00000e+00 0.00000e+00 0.00000e+00 3.61838e-04 0.00000e+00 0.00000e+00
       -2.11600 0.00000e+00 0.00000e+00 0.00000e+00 3.66268e-04 0.00000e+00 0.00000e+00
       -2.11370 0.00000e+00 0.00000e+00 0.00000e+00 3.70722e-04 0.00000e+00 0.00000e+00
       -2.11140 0.00000e+00 0.00000e+00 0.00000e+00 3.75201e-04 0.00000e+00 0.00000e+00
       -2.10910 0.00000e+00 0.00000e+00 0.00000e+00 3.79702e-04 0.00000e+00 0.00000e+00
       -2.10679 0.00000e+00 0.00000e+00 0.00000e+00 3.84227e-04 0.00000e+00 0.00000e+00
       -2.10449 0.00000e+00 0.00000e+00 0.00000e+00 3.88775e-04 0.00000e+00 0.00000e+00
       -2.10219 0.00000e+00 0.00000e+00 0.00000e+00 3.93348e-04 0.00000e+00 0.00000e+00
       -2.09989 0.00000e+00 0.00000e+00 0.00000e+00 3.97946e-04 0.00000e+00 0.00000e+00
       -2.09759 0.00000e+00 0.00000e+00 0.00000e+00 4.02567e-04 0.00000e+00 0.00000e+00
       -2.09529 0.00000e+00 0.00000e+00 0.00000e+00 4.07697e-04 0.00000e+00 0.00000e+00
       -2.09299 0.00000e+00 0.00000e+00 0.00000e+00 4.13057e-04 0.00000e+00 0.00000e+00
       -2.09069 0.00000e+00 0.00000e+00 0.00000e+00 4.18445e-04 0.00000e+00 0.00000e+00
       -2.08839 0.00000e+00 0.00000e+00 0.00000e+00 4.23862e-04 0.00000e+00 0.00000e+00
       -2.08609 0.00000e+00 0.00000e+00 0.00000e+00 4.29308e-04 0.00000e+00 0.00000e+00
       -2.08379 0.00000e+00 0.00000e+00 0.00000e+00 4.34782e-04 0.00000e+00 0.00000e+00
       -2.08148 0.00000e+00 0.00000e+00 0.00000e+00 4.40286e-04 0.00000e+00 0.00000e+00
       -2.07918 0.00000e+00 0.00000e+00 0.00000e+00 4.45819e-04 0.00000e+00 0.00000e+00
       -2.07688 0.00000e+00 0.00000e+00 0.00000e+00 4.51382e-04 0.00000e+00 0.00000e+00
       -2.07458 0.00000e+00 0.00000e+00 0.00000e+00 4.56973e-04 0.00000e+00 0.00000e+00
       -2.07228 0.00000e+00 0.00000e+00 0.00000e+00 4.62595e-04 0.00000e+00 0.00000e+00
       -2.06998 0.00000e+00 0.00000e+00 0.00000e+00 4.68247e-04 0.00000e+00 0.00000e+00
       -2.06768 0.00000e+00 0.00000e+00 0.00000e+00 4.73928e-04 0.00000e+00 0.00000e+00
       -2.06538 0.00000e+00 0.00000e+00 0.00000e+00 4.79640e-04 0.00000e+00 0.00000e+00
       -2.06308 0.00000e+00 0.00000e+00 0.00000e+00 4.85382e-04 0.00000e+00 0.00000e+00
       -2.06078 0.00000e+00 0.00000e+00 0.00000e+00 4.91155e-04 0.00000e+00 0.00000e+00
       -2.05847 0.00000e+00 0.00000e+00 0.00000e+00 4.96958e-04 0.00000e+00 0.00000e+00
       -2.05617 0.00000e+00 0.00000e+00 0.00000e+00 5.02792e-04 0.00000e+00 0.00000e+00
       -2.05387 0.00000e+00 0.00000e+00 0.00000e+00 5.08657e-04 0.00000e+00 0.00000e+00
       -2.05157 0.00000e+00 0.00000e+00 0.00000e+00 5.14553e-04 0.00000e+00 0.00000e+00
       -2.04927 0.00000e+00 0.00000e+00 0.00000e+00 5.20481e-04 0.00000e+00 0.00000e+00
       -2.04697 0.00000e+00 0.00000e+00 0.00000e+00 5.26440e-04 0.00000e+00 0.00000e+00
       -2.04467 0.00000e+00 0.00000e+00 0.00000e+00 5.32787e-04 0.00000e+00 0.00000e+00
       -2.04237 0.00000e+00 0.00000e+00 0.00000e+00 5.39565e-04 0.00000e+00 0.00000e+00
       -2.04007 0.00000e+00 0.00000e+00 0.00000e+00 5.46379e-04 0.00000e+00 0.00000e+00
       -2.03776 0.00000e+00 0.00000e+00 0.00000e+00 5.53229e-04 0.00000e+00 0.00000e+00
       -2.03546 0.00000e+00 0.00000e+00 0.00000e+00 5.60118e-04 0.00000e+00 0.00000e+00
       -2.03316 0.00000e+00 0.00000e+00 0.00000e+00 5.67041e-04 0.00000e+00 0.00000e+00
       -2.03086 0.00000e+00 0.00000e+00 0.00000e+00 5.74001e-04 0.00000e+00 0.00000e+00
       -2.02856 0.00000e+00 0.00000e+00 0.00000e+00 5.80998e-04 0.00000e+00 0.00000e+00
       -2.02626 0.00000e+00 0.00000e+00 0.00000e+00 5.88032e-04 0.00000e+00 0.00000e+00
       -2.02396 0.00000e+00 0.00000e+00 0.00000e+00 5.95103e-04 0.00000e+00 0.00000e+00
       -2.02166 0.00000e+00 0.00000e+00 0.00000e+00 6.02212e-04 0.00000e+00 0.00000e+00
       -2.01936 0.00000e+00 0.00000e+00 0.00000e+00 6.09359e-04 0.00000e+00 0.00000e+00
       -2.01706 0.00000e+00 0.00000e+00 0.00000e+00 6.16544e-04 0.00000e+00 0.00000e+00
       -2.01475 0.00000e+00 0.00000e+00 0.00000e+00 6.23767e-04 0.00000e+00 0.00000e+00
       -2.01245 0.00000e+00 0.00000e+00 0.00000e+00 6.31028e-04 0.00000e+00 0.00000e+00
       -2.01015 0.00000e+00 0.00000e+00 0.00000e+00 6.38328e-04 0.00000e+00 0.00000e+00
       -2.00785 0.00000e+00 0.00000e+00 0.00000e+00 6.45666e-04 0.00000e+00 0.00000e+00
       -2.00555 0.00000e+00 0.00000e+00 0.00000e+00 6.53044e-04 0.00000e+00 0.00000e+00
       -2.00325 0.00000e+00 0.00000e+00 0.00000e+00 6.60460e-04 0.00000e+00 0.00000e+00
       -2.00095 0.00000e+00 0.00000e+00 0.00000e+00 6.67917e-04 0.00000e+00 0.00000e+00
       -1.99865 0.00000e+00 0.00000e+00 0.00000e+00 6.75892e-04 0.00000e+00 0.00000e+00
       -1.99635 0.00000e+00 0.00000e+00 0.00000e+00 6.84247e-04 0.00000e+00 0.00000e+00
       -1.99405 0.00000e+00 0.00000e+00 0.00000e+00 6.92647e-04 0.00000e+00 0.00000e+00
       -1.99174 0.00000e+00 0.00000e+00 0.00000e+00 7.01091e-04 0.00000e+00 0.00000e+00
       -1.98944 0.00000e+00 0.00000e+00 0.00000e+00 7.09580e-04 0.00000e+00 0.00000e+00
       -1.98714 0.00000e+00 0.00000e+00 0.00000e+00 7.18114e-04 0.00000e+00 0.00000e+00
       -1.98484 0.00000e+00 0.00000e+00 0.00000e+00 7.26694e-04 0.00000e+00 0.00000e+00
       -1.98254 0.00000e+00 0.00000e+00 0.00000e+00 7.35319e-04 0.00000e+00 0.00000e+00
       -1.98024 0.00000e+00 0.00000e+00 0.00000e+00 7.43990e-04 0.00000e+00 0.00000e+00
       -1.97794 0.00000e+00 0.00000e+00 0.00000e+00 7.52707e-04 0.00000e+00 0.00000e+00
       -1.97564 0.00000e+00 0.00000e+00 0.00000e+00 7.61470e-04 0.00000e+00 0.00000e+00
       -1.97334 0.00000e+00 0.00000e+00 0.00000e+00 7.70279e-04 0.00000e+00 0.00000e+00
       -1.97104 0.00000e+00 0.00000e+00 0.00000e+00 7.79136e-04 0.00000e+00 0.00000e+00
       -1.96873 0.00000e+00 0.00000e+00 0.00000e+00 7.88040e-04 0.00000e+00 0.00000e+00
       -1.96643 0.00000e+00 0.00000e+00 0.00000e+00 7.96991e-04 0.00000e+00 0.00000e+00
       -1.96413 0.00000e+00 0.00000e+00 0.00000e+00 8.05989e-04 0.00000e+00 0.00000e+00
       -1.96183 0.00000e+00 0.00000e+00 0.00000e+00 8.15035e-04 0.00000e+00 0.00000e+00
       -1.95953 0.00000e+00 0.00000e+00 0.00000e+00 8.24130e-04 0.00000e+00 0.00000e+00
       -1.95723 0.00000e+00 0.00000e+00 0.00000e+00 8.33802e-04 0.00000e+00 0.00000e+00
       -1.95493 0.00000e+00 0.00000e+00 0.00000e+00 8.43873e-04 0.00000e+00 0.00000e+00
       -1.95263 0.00000e+00 0.00000e+00 0.00000e+00 8.53997e-04 0.00000e+00 0.00000e+00
       -1.95033 0.00000e+00 0.00000e+00 0.00000e+00 8.64176e-04 0.00000e+00 0.00000e+00
       -1.94802 0.00000e+00 0.00000e+00 0.00000e+00 8.74408e-04 0.00000e+00 0.00000e+00
       -1.94572 0.00000e+00 0.00000e+00 0.00000e+00 8.84695e-04 0.00000e+00 0.00000e+00
       -1.94342 0.00000e+00 0.00000e+00 0.00000e+00 8.95037e-04 0.00000e+00 0.00000e+00
       -1.94112 0.00000e+00 0.00000e+00 0.00000e+00 9.05433e-04 0.00000e+00 0.00000e+00
       -1.93882 0.00000e+00 0.00000e+00 0.00000e+00 9.15885e-04 0.00000e+00 0.00000e+00
       -1.93652 0.00000e+00 0.00000e+00 0.00000e+00 9.26392e-04 0.00000e+00 0.00000e+00
       -1.93422 0.00000e+00 0.00000e+00 0.00000e+00 9.36955e-04 0.00000e+00 0.00000e+00
       -1.93192 0.00000e+00 0.00000e+00 0.00000e+00 9.47574e-04 0.00000e+00 0.00000e+00
       -1.92962 0.00000e+00 0.00000e+00 0.00000e+00 9.58250e-04 0.00000e+00 0.00000e+00
       -1.92731 0.00000e+00 0.00000e+00 0.00000e+00 9.68982e-04 0.00000e+00 0.00000e+00
       -1.92501 0.00000e+00 0.00000e+00 0.00000e+00 9.79771e-04 0.00000e+00 0.00000e+00
       -1.92271 0.00000e+00 0.00000e+00 0.00000e+00 9.90618e-04 0.00000e+00 0.00000e+00
       -1.92041 0.00000e+00 0.00000e+00 0.00000e+00 1.00169e-03 0.00000e+00 0.00000e+00
       -1.91811 0.00000e+00 0.00000e+00 0.00000e+00 1.01358e-03 0.00000e+00 0.00000e+00
       -1.91581 0.00000e+00 0.00000e+00 0.00000e+00 1.02554e-03 0.00000e+00 0.00000e+00
       -1.91351 0.00000e+00 0.00000e+00 0.00000e+00 1.03756e-03 0.00000e+00 0.00000e+00
       -1.91121 0.00000e+00 0.00000e+00 0.00000e+00 1.04964e-03 0.00000e+00 0.00000e+00
       -1.90891 0.00000e+00 0.00000e+00 0.00000e+00 1.06179e-03 0.00000e+00 0.00000e+00
       -1.90661 0.00000e+00 0.00000e+00 0.00000e+00 1.07401e-03 0.00000e+00 0.00000e+00
       -1.90430 0.00000e+00 0.00000e+00 0.00000e+00 1.08629e-03 0.00000e+00 0.00000e+00
       -1.90200 0.00000e+00 0.00000e+00 0.00000e+00 1.09863e-03 0.00000e+00 0.00000e+00
       -1.89970 0.00000e+00 0.00000e+00 0.00000e+00 1.11104e-03 0.00000e+00 0.00000e+00
       -1.89740 0.00000e+00 0.00000e+00 0.00000e+00 1.12351e-03 0.00000e+00 0.00000e+00
       -1.89510 0.00000e+00 0.00000e+00 0.00000e+00 1.13606e-03 0.00000e+00 0.00000e+00
       -1.89280 0.00000e+00 0.00000e+00 0.00000e+00 1.14866e-03 0.00000e+00 0.00000e+00
       -1.89050 0.00000e+00 0.00000e+00 0.00000e+00 1.16134e-03 0.00000e+00 0.00000e+00
       -1.88820 0.00000e+00 0.00000e+00 0.00000e+00 1.17408e-03 0.00000e+00 0.00000e+00
       -1.88590 0.00000e+00 0.00000e+00 0.00000e+00 1.18696e-03 0.00000e+00 0.00000e+00
       -1.88360 0.00000e+00 0.00000e+00 0.00000e+00 1.20082e-03 0.00000e+00 0.00000e+00
       -1.88129 0.00000e+00 0.00000e+00 0.00000e+00 1.21477e-03 0.00000e+00 0.00000e+00
       -1.87899 0.00000e+00 0.00000e+00 0.00000e+00 1.22878e-03 0.00000e+00 0.00000e+00
       -1.87669 0.00000e+00 0.00000e+00 0.00000e+00 1.24287e-03 0.00000e+00 0.00000e+00
       -1.87439 0.00000e+00 0.00000e+00 0.00000e+00 1.25703e-03 0.00000e+00 0.00000e+00
       -1.87209 0.00000e+00 0.00000e+00 0.00000e+00 1.27127e-03 0.00000e+00 0.00000e+00
       -1.86979 0.00000e+00 0.00000e+00 0.00000e+00 1.28558e-03 0.00000e+00 0.00000e+00
       -1.86749 0.00000e+00 0.00000e+00 0.00000e+00 1.29997e-03 0.00000e+00 0.00000e+00
       -1.86519 0.00000e+00 0.00000e+00 0.00000e+00 1.31444e-03 0.00000e+00 0.00000e+00
       -1.86289 0.00000e+00 0.00000e+00 0.00000e+00 1.32898e-03 0.00000e+00 0.00000e+00
       -1.86058 0.00000e+00 0.00000e+00 0.00000e+00 1.34360e-03 0.00000e+00 0.00000e+00
       -1.85828 0.00000e+00 0.00000e+00 0.00000e+00 1.35830e-03 0.00000e+00 0.00000e+00
       -1.85598 0.00000e+00 0.00000e+00 0.00000e+00 1.37308e-03 0.00000e+00 0.00000e+00
       -1.85368 0.00000e+00 0.00000e+00 0.00000e+00 1.38801e-03 0.00000e+00 0.00000e+00
       -1.85138 0.00000e+00 0.00000e+00 0.00000e+00 1.40398e-03 0.00000e+00 0.00000e+00
       -1.84908 0.00000e+00 0.00000e+00 0.00000e+00 1.42003e-03 0.00000e+00 0.00000e+00
       -1.84678 0.00000e+00 0.00000e+00 0.00000e+00 1.43617e-03 0.00000e+00 0.00000e+00
       -1.84448 0.00000e+00 0.00000e+00 0.00000e+00 1.45239e-03 0.00000e+00 0.00000e+00
       -1.84218 0.00000e+00 0.00000e+00 0.00000e+00 1.46870e-03 0.00000e+00 0.00000e+00
       -1.83988 0.00000e+00 0.00000e+00 0.00000e+00 1.48510e-03 0.00000e+00 0.00000e+00
       -1.83757 0.00000e+00 0.00000e+00 0.00000e+00 1.50158e-03 0.00000e+00 0.00000e+00
       -1.83527 0.00000e+00 0.00000e+00 0.00000e+00 1.51815e-03 0.00000e+00 0.00000e+00
       -1.83297 0.00000e+00 0.00000e+00 0.00000e+00 1.53481e-03 0.00000e+00 0.00000e+00
       -1.83067 0.00000e+00 0.00000e+00 0.00000e+00 1.55156e-03 0.00000e+00 0.00000e+00
       -1.82837 0.00000e+00 0.00000e+00 0.00000e+00 1.56839e-03 0.00000e+00 0.00000e+00
       -1.82607 0.00000e+00 0.00000e+00 0.00000e+00 1.58532e-03 0.00000e+00 0.00000e+00
       -1.82377 0.00000e+00 0.00000e+00 0.00000e+00 1.60240e-03 0.00000e+00 0.00000e+00
       -1.82147 0.00000e+00 0.00000e+00 0.00000e+00 1.62059e-03 0.00000e+00 0.00000e+00
       -1.81917 0.00000e+00 0.00000e+00 0.00000e+00 1.63888e-03 0.00000e+00 0.00000e+00
       -1.81687 0.00000e+00 0.00000e+00 0.00000e+00 1.65726e-03 0.00000e+00 0.00000e+00
       -1.81456 0.00000e+00 0.00000e+00 0.00000e+00 1.67574e-03 0.00000e+00 0.00000e+00
       -1.81226 0.00000e+00 0.00000e+00 0.00000e+00 1.69432e-03 0.00000e+00 0.00000e+00
       -1.80996 0.00000e+00 0.00000e+00 0.00000e+00 1.71300e-03 0.00000e+00 0.00000e+00
       -1.80766 0.00000e+00 0.00000e+00 0.00000e+00 1.73178e-03 0.00000e+00 0.00000e+00
       -1.80536 0.00000e+00 0.00000e+00 0.00000e+00 1.75066e-03 0.00000e+00 0.00000e+00
       -1.80306 0.00000e+00 0.00000e+00 0.00000e+00 1.76964e-03 0.00000e+00 0.00000e+00
       -1.80076 0.00000e+00 0.00000e+00 0.00000e+00 1.78872e-03 0.00000e+00 0.00000e+00
       -1.79846 0.00000e+00 0.00000e+00 0.00000e+00 1.80790e-03 0.00000e+00 0.00000e+00
       -1.79616 0.00000e+00 0.00000e+00 0.00000e+00 1.82718e-03 0.00000e+00 0.00000e+00
       -1.79385 0.00000e+00 0.00000e+00 0.00000e+00 1.84755e-03 0.00000e+00 0.00000e+00
       -1.79155 0.00000e+00 0.00000e+00 0.00000e+00 1.86817e-03 0.00000e+00 0.00000e+00
       -1.78925 0.00000e+00 0.00000e+00 0.00000e+00 1.88889e-03 0.00000e+00 0.00000e+00
       -1.78695 0.00000e+00 0.00000e+00 0.00000e+00 1.90972e-03 0.00000e+00 0.00000e+00
       -1.78465 0.00000e+00 0.00000e+00 0.00000e+00 1.93067e-03 0.00000e+00 0.00000e+00
       -1.78235 0.00000e+00 0.00000e+00 0.00000e+00 1.95172e-03 0.00000e+00 0.00000e+00
       -1.78005 0.00000e+00 0.00000e+00 0.00000e+00 1.97289e-03 0.00000e+00 0.00000e+00
       -1.77775 0.00000e+00 0.00000e+00 0.00000e+00 1.99417e-03 0.00000e+00 0.00000e+00
       -1.77545 0.00000e+00 0.00000e+00 0.00000e+00 2.01556e-03 0.00000e+00 0.00000e+00
       -1.77315 0.00000e+00 0.00000e+00 0.00000e+00 2.03707e-03 0.00000e+00 0.00000e+00
       -1.77085 0.00000e+00 0.00000e+00 0.00000e+00 2.05869e-03 0.00000e+00 0.00000e+00
       -1.76854 0.00000e+00 0.00000e+00 0.00000e+00 2.08094e-03 0.00000e+00 0.00000e+00
       -1.76624 0.00000e+00 0.00000e+00 0.00000e+00 2.10396e-03 0.00000e+00 0.00000e+00
       -1.76394 0.00000e+00 0.00000e+00 0.00000e+00 2.12710e-03 0.00000e+00 0.00000e+00
       -1.76164 0.00000e+00 0.00000e+00 0.00000e+00 2.15036e-03 0.00000e+00 0.00000e+00
       -1.75934 0.00000e+00 0.00000e+00 0.00000e+00 2.17375e-03 0.00000e+00 0.00000e+00
       -1.75704 0.00000e+00 0.00000e+00 0.00000e+00 2.19726e-03 0.00000e+00 0.00000e+00
       -1.75474 0.00000e+00 0.00000e+00 0.00000e+00 2.22090e-03 0.00000e+00 0.00000e+00
       -1.75244 0.00000e+00 0.00000e+00 0.00000e+00 2.24466e-03 0.00000e+00 0.00000e+00
       -1.75014 0.00000e+00 0.00000e+00 0.00000e+00 2.26855e-03 0.00000e+00 0.00000e+00
       -1.74784 0.00000e+00 0.00000e+00 0.00000e+00 2.29256e-03 0.00000e+00 0.00000e+00
       -1.74553 0.00000e+00 0.00000e+00 0.00000e+00 2.31671e-03 0.00000e+00 0.00000e+00
       -1.74323 0.00000e+00 0.00000e+00 0.00000e+00 2.34175e-03 0.00000e+00 0.00000e+00
       -1.74093 0.00000e+00 0.00000e+00 0.00000e+00 2.36735e-03 0.00000e+00 0.00000e+00
       -1.73863 0.00000e+00 0.00000e+00 0.00000e+00 2.39309e-03 0.00000e+00 0.00000e+00
       -1.73633 0.00000e+00 0.00000e+00 0.00000e+00 2.41896e-03 0.00000e+00 0.00000e+00
       -1.73403 0.00000e+00 0.00000e+00 0.00000e+00 2.44497e-03 0.00000e+00 0.00000e+00
       -1.73173 0.00000e+00 0.00000e+00 0.00000e+00 2.47112e-03 0.00000e+00 0.00000e+00
       -1.72943 0.00000e+00 0.00000e+00 0.00000e+00 2.49741e-03 0.00000e+00 0.00000e+00
       -1.72713 0.00000e+00 0.00000e+00 0.00000e+00 2.52385e-03 0.00000e+00 0.00000e+00
       -1.72482 0.00000e+00 0.00000e+00 0.00000e+00 2.55041e-03 0.00000e+00 0.00000e+00
       -1.72252 0.00000e+00 0.00000e+00 0.00000e+00 2.57712e-03 0.00000e+00 0.00000e+00
       -1.72022 0.00000e+00 0.00000e+00 0.00000e+00 2.60452e-03 0.00000e+00 0.00000e+00
       -1.71792 0.00000e+00 0.00000e+00 0.00000e+00 2.63275e-03 0.00000e+00 0.00000e+00
       -1.71562 0.00000e+00 0.00000e+00 0.00000e+00 2.66112e-03 0.00000e+00 0.00000e+00
       -1.71332 0.00000e+00 0.00000e+00 0.00000e+00 2.68965e-03 0.00000e+00 0.00000e+00
       -1.71102 0.00000e+00 0.00000e+00 0.00000e+00 2.71833e-03 0.00000e+00 0.00000e+00
       -1.70872 0.00000e+00 0.00000e+00 0.00000e+00 2.74716e-03 0.00000e+00 0.00000e+00
       -1.70642 0.00000e+00 0.00000e+00 0.00000e+00 2.77615e-03 0.00000e+00 0.00000e+00
       -1.70412 0.00000e+00 0.00000e+00 0.00000e+00 2.80528e-03 0.00000e+00 0.00000e+00
       -1.70181 0.00000e+00 0.00000e+00 0.00000e+00 2.83458e-03 0.00000e+00 0.00000e+00
       -1.69951 0.00000e+00 0.00000e+00 0.00000e+00 2.86403e-03 0.00000e+00 0.00000e+00
       -1.69721 0.00000e+00 0.00000e+00 0.00000e+00 2.89460e-03 0.00000e+00 0.00000e+00
       -1.69491 0.00000e+00 0.00000e+00 0.00000e+00 2.92563e-03 0.00000e+00 0.00000e+00
       -1.69261 0.00000e+00 0.00000e+00 0.00000e+00 2.95683e-03 0.00000e+00 0.00000e+00
       -1.69031 0.00000e+00 0.00000e+00 0.00000e+00 2.98819e-03 0.00000e+00 0.00000e+00
       -1.68801 0.00000e+00 0.00000e+00 0.00000e+00 3.01972e-03 0.00000e+00 0.00000e+00
       -1.68571 0.00000e+00 0.00000e+00 0.00000e+00 3.05142e-03 0.00000e+00 0.00000e+00
       -1.68341 0.00000e+00 0.00000e+00 0.00000e+00 3.08328e-03 0.00000e+00 0.00000e+00
       -1.68111 0.00000e+00 0.00000e+00 0.00000e+00 3.11532e-03 0.00000e+00 0.00000e+00
       -1.67880 0.00000e+00 0.00000e+00 0.00000e+00 3.14752e-03 0.00000e+00 0.00000e+00
       -1.67650 0.00000e+00 0.00000e+00 0.00000e+00 3.18062e-03 0.00000e+00 0.00000e+00
       -1.67420 0.00000e+00 0.00000e+00 0.00000e+00 3.21446e-03 0.00000e+00 0.00000e+00
       -1.67190 0.00000e+00 0.00000e+00 0.00000e+00 3.24849e-03 0.00000e+00 0.00000e+00
       -1.66960 0.00000e+00 0.00000e+00 0.00000e+00 3.28269e-03 0.00000e+00 0.00000e+00
       -1.66730 0.00000e+00 0.00000e+00 0.00000e+00 3.31708e-03 0.00000e+00 0.00000e+00
       -1.66500 0.00000e+00 0.00000e+00 0.00000e+00 3.35165e-03 0.00000e+00 0.00000e+00
       -1.66270 0.00000e+00 0.00000e+00 0.00000e+00 3.38641e-03 0.00000e+00 0.00000e+00
       -1.66040 0.00000e+00 0.00000e+00 0.00000e+00 3.42135e-03 0.00000e+00 0.00000e+00
       -1.65810 0.00000e+00 0.00000e+00 0.00000e+00 3.45647e-03 0.00000e+00 0.00000e+00
       -1.65579 0.00000e+00 0.00000e+00 0.00000e+00 3.49281e-03 0.00000e+00 0.00000e+00
       -1.65349 0.00000e+00 0.00000e+00 0.00000e+00 3.52963e-03 0.00000e+00 0.00000e+00
       -1.65119 0.00000e+00 0.00000e+00 0.00000e+00 3.56667e-03 0.00000e+00 0.00000e+00
       -1.64889 0.00000e+00 0.00000e+00 0.00000e+00 3.60389e-03 0.00000e+00 0.00000e+00
       -1.64659 0.00000e+00 0.00000e+00 0.00000e+00 3.64130e-03 0.00000e+00 0.00000e+00
       -1.64429 0.00000e+00 0.00000e+00 0.00000e+00 3.67891e-03 0.00000e+00 0.00000e+00
       -1.64199 0.00000e+00 0.00000e+00 0.00000e+00 3.71673e-03 0.00000e+00 0.00000e+00
       -1.63969 0.00000e+00 0.00000e+00 0.00000e+00 3.75474e-03 0.00000e+00 0.00000e+00
       -1.63739 0.00000e+00 0.00000e+00 0.00000e+00 3.79348e-03 0.00000e+00 0.00000e+00
       -1.63508 0.00000e+00 0.00000e+00 0.00000e+00 3.83324e-03 0.00000e+00 0.00000e+00
       -1.63278 0.00000e+00 0.00000e+00 0.00000e+00 3.87322e-03 0.00000e+00 0.00000e+00
       -1.63048 0.00000e+00 0.00000e+00 0.00000e+00 3.91341e-03 0.00000e+00 0.00000e+00
       -1.62818 0.00000e+00 0.00000e+00 0.00000e+00 3.95381e-03 0.00000e+00 0.00000e+00
       -1.62588 0.00000e+00 0.00000e+00 0.00000e+00 3.99443e-03 0.00000e+00 0.00000e+00
       -1.62358 0.00000e+00 0.00000e+00 0.00000e+00 4.03526e-03 0.00000e+00 0.00000e+00
       -1.62128 0.00000e+00 0.00000e+00 0.00000e+00 4.07632e-03 0.00000e+00 0.00000e+00
       -1.61898 0.00000e+00 0.00000e+00 0.00000e+00 4.11806e-03 0.00000e+00 0.00000e+00
       -1.61668 0.00000e+00 0.00000e+00 0.00000e+00 4.16090e-03 0.00000e+00 0.00000e+00
       -1.61437 0.00000e+00 0.00000e+00 0.00000e+00 4.20397e-03 0.00000e+00 0.00000e+00
       -1.61207 0.00000e+00 0.00000e+00 0.00000e+00 4.24727e-03 0.00000e+00 0.00000e+00
       -1.60977 0.00000e+00 0.00000e+00 0.00000e+00 4.29080e-03 0.00000e+00 0.00000e+00
       -1.60747 0.00000e+00 0.00000e+00 0.00000e+00 4.33456e-03 0.00000e+00 0.00000e+00
       -1.60517 0.00000e+00 0.00000e+00 0.00000e+00 4.37855e-03 0.00000e+00 0.00000e+00
       -1.60287 0.00000e+00 0.00000e+00 0.00000e+00 4.42278e-03 0.00000e+00 0.00000e+00
       -1.60057 0.00000e+00 0.00000e+00 0.00000e+00 4.46813e-03 0.00000e+00 0.00000e+00
       -1.59827 0.00000e+00 0.00000e+00 0.00000e+00 4.51421e-03 0.00000e+00 0.00000e+00
       -1.59597 0.00000e+00 0.00000e+00 0.00000e+00 4.56054e-03 0.00000e+00 0.00000e+00
       -1.59367 0.00000e+00 0.00000e+00 0.00000e+00 4.60711e-03 0.00000e+00 0.00000e+00
       -1.59136 0.00000e+00 0.00000e+00 0.00000e+00 4.65394e-03 0.00000e+00 0.00000e+00
       -1.58906 0.00000e+00 0.00000e+00 0.00000e+00 4.70101e-03 0.00000e+00 0.00000e+00
       -1.58676 0.00000e+00 0.00000e+00 0.00000e+00 4.74833e-03 0.00000e+00 0.00000e+00
       -1.58446 0.00000e+00 0.00000e+00 0.00000e+00 4.79624e-03 0.00000e+00 0.00000e+00
       -1.58216 0.00000e+00 0.00000e+00 0.00000e+00 4.84548e-03 0.00000e+00 0.00000e+00
       -1.57986 0.00000e+00 0.00000e+00 0.00000e+00 4.89497e-03 0.00000e+00 0.00000e+00
       -1.57756 0.00000e+00 0.00000e+00 0.00000e+00 4.94473e-03 0.00000e+00 0.00000e+00
       -1.57526 0.00000e+00 0.00000e+00 0.00000e+00 4.99478e-03 0.00000e+00 0.00000e+00
       -1.57296 0.00000e+00 0.00000e+00 0.00000e+00 5.04507e-03 0.00000e+00 0.00000e+00
       -1.57065 0.00000e+00 0.00000e+00 0.00000e+00 5.09562e-03 0.00000e+00 0.00000e+00
       -1.56835 0.00000e+00 0.00000e+00 0.00000e+00 5.14662e-03 0.00000e+00 0.00000e+00
       -1.56605 0.00000e+00 0.00000e+00 0.00000e+00 5.19911e-03 0.00000e+00 0.00000e+00
       -1.56375 0.00000e+00 0.00000e+00 0.00000e+00 5.25187e-03 0.00000e+00 0.00000e+00
       -1.56145 0.00000e+00 0.00000e+00 0.00000e+00 5.30492e-03 0.00000e+00 0.00000e+00
       -1.55915 0.00000e+00 0.00000e+00 0.00000e+00 5.35825e-03 0.00000e+00 0.00000e+00
       -1.55685 0.00000e+00 0.00000e+00 0.00000e+00 5.41186e-03 0.00000e+00 0.00000e+00
       -1.55455 0.00000e+00 0.00000e+00 0.00000e+00 5.46575e-03 0.00000e+00 0.00000e+00
       -1.55225 0.00000e+00 0.00000e+00 0.00000e+00 5.52030e-03 0.00000e+00 0.00000e+00
       -1.54995 0.00000e+00 0.00000e+00 0.00000e+00 5.57619e-03 0.00000e+00 0.00000e+00
       -1.54764 0.00000e+00 0.00000e+00 0.00000e+00 5.63237e-03 0.00000e+00 0.00000e+00
       -1.54534 0.00000e+00 0.00000e+00 0.00000e+00 5.68885e-03 0.00000e+00 0.00000e+00
       -1.54304 0.00000e+00 0.00000e+00 0.00000e+00 5.74563e-03 0.00000e+00 0.00000e+00
       -1.54074 0.00000e+00 0.00000e+00 0.00000e+00 5.80271e-03 0.00000e+00 0.00000e+00
       -1.53844 0.00000e+00 0.00000e+00 0.00000e+00 5.86010e-03 0.00000e+00 0.00000e+00
       -1.53614 0.00000e+00 0.00000e+00 0.00000e+00 5.91871e-03 0.00000e+00 0.00000e+00
       -1.53384 0.00000e+00 0.00000e+00 0.00000e+00 5.97816e-03 0.00000e+00 0.00000e+00
       -1.53154 0.00000e+00 0.00000e+00 0.00000e+00 6.03793e-03 0.00000e+00 0.00000e+00
       -1.52924 0.00000e+00 0.00000e+00 0.00000e+00 6.09801e-03 0.00000e+00 0.00000e+00
       -1.52694 0.00000e+00 0.00000e+00 0.00000e+00 6.15841e-03 0.00000e+00 0.00000e+00
       -1.52463 0.00000e+00 0.00000e+00 0.00000e+00 6.21914e-03 0.00000e+00 0.00000e+00
       -1.52233 0.00000e+00 0.00000e+00 0.00000e+00 6.28052e-03 0.00000e+00 0.00000e+00
       -1.52003 0.00000e+00 0.00000e+00 0.00000e+00 6.34331e-03 0.00000e+00 0.00000e+00
       -1.51773 0.00000e+00 0.00000e+00 0.00000e+00 6.40643e-03 0.00000e+00 0.00000e+00
       -1.51543 0.00000e+00 0.00000e+00 0.00000e+00 6.46989e-03 0.00000e+00 0.00000e+00
       -1.51313 0.00000e+00 0.00000e+00 0.00000e+00 6.53369e-03 0.00000e+00 0.00000e+00
       -1.51083 0.00000e+00 0.00000e+00 0.00000e+00 6.59782e-03 0.00000e+00 0.00000e+00
       -1.50853 0.00000e+00 0.00000e+00 0.00000e+00 6.66237e-03 0.00000e+00 0.00000e+00
       -1.50623 0.00000e+00 0.00000e+00 0.00000e+00 6.72864e-03 0.00000e+00 0.00000e+00
       -1.50393 0.00000e+00 0.00000e+00 0.00000e+00 6.79526e-03 0.00000e+00 0.00000e+00
       -1.50162 0.00000e+00 0.00000e+00 0.00000e+00 6.86223e-03 0.00000e+00 0.00000e+00
       -1.49932 0.00000e+00 0.00000e+00 0.00000e+00 6.92956e-03 0.00000e+00 0.00000e+00
       -1.49702 0.00000e+00 0.00000e+00 0.00000e+00 6.99728e-03 0.00000e+00 0.00000e+00
       -1.49472 0.00000e+00 0.00000e+00 0.00000e+00 7.06541e-03 0.00000e+00 0.00000e+00
       -1.49242 0.00000e+00 0.00000e+00 0.00000e+00 7.13526e-03 0.00000e+00 0.00000e+00
       -1.49012 0.00000e+00 0.00000e+00 0.00000e+00 7.20549e-03 0.00000e+00 0.00000e+00
       -1.48782 0.00000e+00 0.00000e+00 0.00000e+00 7.27608e-03 0.00000e+00 0.00000e+00
       -1.48552 0.00000e+00 0.00000e+00 0.00000e+00 7.34706e-03 0.00000e+00 0.00000e+00
       -1.48322 0.00000e+00 0.00000e+00 0.00000e+00 7.41841e-03 0.00000e+00 0.00000e+00
       -1.48091 0.00000e+00 0.00000e+00 0.00000e+00 7.49049e-03 0.00000e+00 0.00000e+00
       -1.47861 0.00000e+00 0.00000e+00 0.00000e+00 7.56404e-03 0.00000e+00 0.00000e+00
       -1.47631 0.00000e+00 0.00000e+00 0.00000e+00 7.63798e-03 0.00000e+00 0.00000e+00
       -1.47401 0.00000e+00 0.00000e+00 0.00000e+00 7.71232e-03 0.00000e+00 0.00000e+00
       -1.47171 0.00000e+00 0.00000e+00 0.00000e+00 7.78705e-03 0.00000e+00 0.00000e+00
       -1.46941 0.00000e+00 0.00000e+00 0.00000e+00 7.86217e-03 0.00000e+00 0.00000e+00
       -1.46711 0.00000e+00 0.00000e+00 0.00000e+00 7.93858e-03 0.00000e+00 0.00000e+00
       -1.46481 0.00000e+00 0.00000e+00 0.00000e+00 8.01596e-03 0.00000e+00 0.00000e+00
       -1.46251 0.00000e+00 0.00000e+00 0.00000e+00 8.09374e-03 0.00000e+00 0.00000e+00
       -1.46021 0.00000e+00 0.00000e+00 0.00000e+00 8.17194e-03 0.00000e+00 0.00000e+00
       -1.45791 0.00000e+00 0.00000e+00 0.00000e+00 8.25056e-03 0.00000e+00 0.00000e+00
       -1.45560 0.00000e+00 0.00000e+00 0.00000e+00 8.32979e-03 0.00000e+00 0.00000e+00
       -1.45330 0.00000e+00 0.00000e+00 0.00000e+00 8.41068e-03 0.00000e+00 0.00000e+00
       -1.45100 0.00000e+00 0.00000e+00 0.00000e+00 8.49199e-03 0.00000e+00 0.00000e+00
       -1.44870 0.00000e+00 0.00000e+00 0.00000e+00 8.57374e-03 0.00000e+00 0.00000e+00
       -1.44640 0.00000e+00 0.00000e+00 0.00000e+00 8.65592e-03 0.00000e+00 0.00000e+00
       -1.44410 0.00000e+00 0.00000e+00 0.00000e+00 8.73854e-03 0.00000e+00 0.00000e+00
       -1.44180 0.00000e+00 0.00000e+00 0.00000e+00 8.82280e-03 0.00000e+00 0.00000e+00
       -1.43950 0.00000e+00 0.00000e+00 0.00000e+00 8.90775e-03 0.00000e+00 0.00000e+00
       -1.43720 0.00000e+00 0.00000e+00 0.00000e+00 8.99316e-03 0.00000e+00 0.00000e+00
       -1.43490 0.00000e+00 0.00000e+00 0.00000e+00 9.07902e-03 0.00000e+00 0.00000e+00
       -1.43259 0.00000e+00 0.00000e+00 0.00000e+00 9.16534e-03 0.00000e+00 0.00000e+00
       -1.43029 0.00000e+00 0.00000e+00 0.00000e+00 9.25306e-03 0.00000e+00 0.00000e+00
       -1.42799 0.00000e+00 0.00000e+00 0.00000e+00 9.34174e-03 0.00000e+00 0.00000e+00
       -1.42569 0.00000e+00 0.00000e+00 0.00000e+00 9.43089e-03 0.00000e+00 0.00000e+00
       -1.42339 0.00000e+00 0.00000e+00 0.00000e+00 9.52051e-03 0.00000e+00 0.00000e+00
       -1.42109 0.00000e+00 0.00000e+00 0.00000e+00 9.61065e-03 0.00000e+00 0.00000e+00
       -1.41879 0.00000e+00 0.00000e+00 0.00000e+00 9.70204e-03 0.00000e+00 0.00000e+00
       -1.41649 0.00000e+00 0.00000e+00 0.00000e+00 9.79441e-03 0.00000e+00 0.00000e+00
       -1.41419 0.00000e+00 0.00000e+00 0.00000e+00 9.88728e-03 0.00000e+00 0.00000e+00
       -1.41188 0.00000e+00 0.00000e+00 0.00000e+00 9.98064e-03 0.00000e+00 0.00000e+00
       -1.40958 0.00000e+00 0.00000e+00 0.00000e+00 1.00745e-02 0.00000e+00 0.00000e+00
       -1.40728 0.00000e+00 0.00000e+00 0.00000e+00 1.01700e-02 0.00000e+00 0.00000e+00
       -1.40498 0.00000e+00 0.00000e+00 0.00000e+00 1.02665e-02 0.00000e+00 0.00000e+00
       -1.40268 0.00000e+00 0.00000e+00 0.00000e+00 1.03635e-02 0.00000e+00 0.00000e+00
       -1.40038 0.00000e+00 0.00000e+00 0.00000e+00 1.04611e-02 0.00000e+00 0.00000e+00
       -1.39808 0.00000e+00 0.00000e+00 0.00000e+00 1.05591e-02 0.00000e+00 0.00000e+00
       -1.39578 0.00000e+00 0.00000e+00 0.00000e+00 1.06589e-02 0.00000e+00 0.00000e+00
       -1.39348 0.00000e+00 0.00000e+00 0.00000e+00 1.07592e-02 0.00000e+00 0.00000e+00
       -1.39118 0.00000e+00 0.00000e+00 0.00000e+00 1.08601e-02 0.00000e+00 0.00000e+00
       -1.38887 0.00000e+00 0.00000e+00 0.00000e+00 1.09616e-02 0.00000e+00 0.00000e+00
       -1.38657 0.00000e+00 0.00000e+00 0.00000e+00 1.10639e-02 0.00000e+00 0.00000e+00
       -1.38427 0.00000e+00 0.00000e+00 0.00000e+00 1.11678e-02 0.00000e+00 0.00000e+00
       -1.38197 0.00000e+00 0.00000e+00 0.00000e+00 1.12721e-02 0.00000e+00 0.00000e+00
       -1.37967 0.00000e+00 0.00000e+00 0.00000e+00 1.13771e-02 0.00000e+00 0.00000e+00
       -1.37737 0.00000e+00 0.00000e+00 0.00000e+00 1.14826e-02 0.00000e+00 0.00000e+00
       -1.37507 0.00000e+00 0.00000e+00 0.00000e+00 1.15898e-02 0.00000e+00 0.00000e+00
       -1.37277 0.00000e+00 0.00000e+00 0.00000e+00 1.16979e-02 0.00000e+00 0.00000e+00
       -1.37047 0.00000e+00 0.00000e+00 0.00000e+00 1.18067e-02 0.00000e+00 0.00000e+00
       -1.36817 0.00000e+00 0.00000e+00 0.00000e+00 1.19160e-02 0.00000e+00 0.00000e+00
       -1.36586 0.00000e+00 0.00000e+00 0.00000e+00 1.20263e-02 0.00000e+00 0.00000e+00
       -1.36356 0.00000e+00 0.00000e+00 0.00000e+00 1.21382e-02 0.00000e+00 0.00000e+00
       -1.36126 0.00000e+00 0.00000e+00 0.00000e+00 1.22507e-02 0.00000e+00 0.00000e+00
       -1.35896 0.00000e+00 0.00000e+00 0.00000e+00 1.23638e-02 0.00000e+00 0.00000e+00
       -1.35666 0.00000e+00 0.00000e+00 0.00000e+00 1.24774e-02 0.00000e+00 0.00000e+00
       -1.35436 0.00000e+00 0.00000e+00 0.00000e+00 1.25928e-02 0.00000e+00 0.00000e+00
       -1.35206 0.00000e+00 0.00000e+00 0.00000e+00 1.27089e-02 0.00000e+00 0.00000e+00
       -1.34976 0.00000e+00 0.00000e+00 0.00000e+00 1.28255e-02 0.00000e+00 0.00000e+00
       -1.34746 0.00000e+00 0.00000e+00 0.00000e+00 1.29428e-02 0.00000e+00 0.00000e+00
       -1.34515 0.00000e+00 0.00000e+00 0.00000e+00 1.30618e-02 0.00000e+00 0.00000e+00
       -1.34285 0.00000e+00 0.00000e+00 0.00000e+00 1.31818e-02 0.00000e+00 0.00000e+00
       -1.34055 0.00000e+00 0.00000e+00 0.00000e+00 1.33024e-02 0.00000e+00 0.00000e+00
       -1.33825 0.00000e+00 0.00000e+00 0.00000e+00 1.34236e-02 0.00000e+00 0.00000e+00
       -1.33595 0.00000e+00 0.00000e+00 0.00000e+00 1.35464e-02 0.00000e+00 0.00000e+00
       -1.33365 0.00000e+00 0.00000e+00 0.00000e+00 1.36704e-02 0.00000e+00 0.00000e+00
       -1.33135 0.00000e+00 0.00000e+00 0.00000e+00 1.37951e-02 0.00000e+00 0.00000e+00
       -1.32905 0.00000e+00 0.00000e+00 0.00000e+00 1.39204e-02 0.00000e+00 0.00000e+00
       -1.32675 0.00000e+00 0.00000e+00 0.00000e+00 1.40470e-02 0.00000e+00 0.00000e+00
       -1.32445 0.00000e+00 0.00000e+00 0.00000e+00 1.41749e-02 0.00000e+00 0.00000e+00
       -1.32214 0.00000e+00 0.00000e+00 0.00000e+00 1.43036e-02 0.00000e+00 0.00000e+00
       -1.31984 0.00000e+00 0.00000e+00 0.00000e+00 1.44328e-02 0.00000e+00 0.00000e+00
       -1.31754 0.00000e+00 0.00000e+00 0.00000e+00 1.45634e-02 0.00000e+00 0.00000e+00
       -1.31524 0.00000e+00 0.00000e+00 0.00000e+00 1.46950e-02 0.00000e+00 0.00000e+00
       -1.31294 0.00000e+00 0.00000e+00 0.00000e+00 1.48274e-02 0.00000e+00 0.00000e+00
       -1.31064 0.00000e+00 0.00000e+00 0.00000e+00 1.49605e-02 0.00000e+00 0.00000e+00
       -1.30834 0.00000e+00 0.00000e+00 0.00000e+00 1.50953e-02 0.00000e+00 0.00000e+00
       -1.30604 0.00000e+00 0.00000e+00 0.00000e+00 1.52314e-02 0.00000e+00 0.00000e+00
       -1.30374 0.00000e+00 0.00000e+00 0.00000e+00 1.53682e-02 0.00000e+00 0.00000e+00
       -1.30143 0.00000e+00 0.00000e+00 0.00000e+00 1.55057e-02 0.00000e+00 0.00000e+00
       -1.29913 0.00000e+00 0.00000e+00 0.00000e+00 1.56448e-02 0.00000e+00 0.00000e+00
       -1.29683 0.00000e+00 0.00000e+00 0.00000e+00 1.57849e-02 0.00000e+00 0.00000e+00
       -1.29453 0.00000e+00 0.00000e+00 0.00000e+00 1.59257e-02 0.00000e+00 0.00000e+00
       -1.29223 0.00000e+00 0.00000e+00 0.00000e+00 1.60674e-02 0.00000e+00 0.00000e+00
       -1.28993 0.00000e+00 0.00000e+00 0.00000e+00 1.62110e-02 0.00000e+00 0.00000e+00
       -1.28763 0.00000e+00 0.00000e+00 0.00000e+00 1.63555e-02 0.00000e+00 0.00000e+00
       -1.28533 0.00000e+00 0.00000e+00 0.00000e+00 1.65006e-02 0.00000e+00 0.00000e+00
       -1.28303 0.00000e+00 0.00000e+00 0.00000e+00 1.66472e-02 0.00000e+00 0.00000e+00
       -1.28073 0.00000e+00 0.00000e+00 0.00000e+00 1.67953e-02 0.00000e+00 0.00000e+00
       -1.27842 0.00000e+00 0.00000e+00 0.00000e+00 1.69442e-02 0.00000e+00 0.00000e+00
       -1.27612 0.00000e+00 0.00000e+00 0.00000e+00 1.70939e-02 0.00000e+00 0.00000e+00
       -1.27382 0.00000e+00 0.00000e+00 0.00000e+00 1.72451e-02 0.00000e+00 0.00000e+00
       -1.27152 0.00000e+00 0.00000e+00 0.00000e+00 1.73972e-02 0.00000e+00 0.00000e+00
       -1.26922 0.00000e+00 0.00000e+00 0.00000e+00 1.75502e-02 0.00000e+00 0.00000e+00
       -1.26692 0.00000e+00 0.00000e+00 0.00000e+00 1.77044e-02 0.00000e+00 0.00000e+00
       -1.26462 0.00000e+00 0.00000e+00 0.00000e+00 1.78601e-02 0.00000e+00 0.00000e+00
       -1.26232 0.00000e+00 0.00000e+00 0.00000e+00 1.80166e-02 0.00000e+00 0.00000e+00
       -1.26002 0.00000e+00 0.00000e+00 0.00000e+00 1.81740e-02 0.00000e+00 0.00000e+00
       -1.25771 0.00000e+00 0.00000e+00 0.00000e+00 1.83335e-02 0.00000e+00 0.00000e+00
       -1.25541 0.00000e+00 0.00000e+00 0.00000e+00 1.84940e-02 0.00000e+00 0.00000e+00
       -1.25311 0.00000e+00 0.00000e+00 0.00000e+00 1.86554e-02 0.00000e+00 0.00000e+00
       -1.25081 0.00000e+00 0.00000e+00 0.00000e+00 1.88180e-02 0.00000e+00 0.00000e+00
       -1.24851 0.00000e+00 0.00000e+00 0.00000e+00 1.89820e-02 0.00000e+00 0.00000e+00
       -1.24621 0.00000e+00 0.00000e+00 0.00000e+00 1.91469e-02 0.00000e+00 0.00000e+00
       -1.24391 0.00000e+00 0.00000e+00 0.00000e+00 1.93127e-02 0.00000e+00 0.00000e+00
       -1.24161 0.00000e+00 0.00000e+00 0.00000e+00 1.94802e-02 0.00000e+00 0.00000e+00
       -1.23931 0.00000e+00 0.00000e+00 0.00000e+00 1.96486e-02 0.00000e+00 0.00000e+00
       -1.23701 0.00000e+00 0.00000e+00 0.00000e+00 1.98180e-02 0.00000e+00 0.00000e+00
       -1.23470 0.00000e+00 0.00000e+00 0.00000e+00 1.99892e-02 0.00000e+00 0.00000e+00
       -1.23240 0.00000e+00 0.00000e+00 0.00000e+00 2.01615e-02 0.00000e+00 0.00000e+00
       -1.23010 0.00000e+00 0.00000e+00 0.00000e+00 2.03348e-02 0.00000e+00 0.00000e+00
       -1.22780 0.00000e+00 0.00000e+00 0.00000e+00 2.05097e-02 0.00000e+00 0.00000e+00
       -1.22550 0.00000e+00 0.00000e+00 0.00000e+00 2.06861e-02 0.00000e+00 0.00000e+00
       -1.22320 0.00000e+00 0.00000e+00 0.00000e+00 2.08634e-02 0.00000e+00 0.00000e+00
       -1.22090 0.00000e+00 0.00000e+00 0.00000e+00 2.10420e-02 0.00000e+00 0.00000e+00
       -1.21860 0.00000e+00 0.00000e+00 0.00000e+00 2.12218e-02 0.00000e+00 0.00000e+00
       -1.21630 0.00000e+00 0.00000e+00 0.00000e+00 2.14026e-02 0.00000e+00 0.00000e+00
       -1.21400 0.00000e+00 0.00000e+00 0.00000e+00 2.15847e-02 0.00000e+00 0.00000e+00
       -1.21169 0.00000e+00 0.00000e+00 0.00000e+00 2.17688e-02 0.00000e+00 0.00000e+00
       -1.20939 0.00000e+00 0.00000e+00 0.00000e+00 2.19538e-02 0.00000e+00 0.00000e+00
       -1.20709 0.00000e+00 0.00000e+00 0.00000e+00 2.21399e-02 0.00000e+00 0.00000e+00
       -1.20479 0.00000e+00 0.00000e+00 0.00000e+00 2.23275e-02 0.00000e+00 0.00000e+00
       -1.20249 0.00000e+00 0.00000e+00 0.00000e+00 2.25161e-02 0.00000e+00 0.00000e+00
       -1.20019 0.00000e+00 0.00000e+00 0.00000e+00 2.27060e-02 0.00000e+00 0.00000e+00
       -1.19789 0.00000e+00 0.00000e+00 0.00000e+00 2.28976e-02 0.00000e+00 0.00000e+00
       -1.19559 0.00000e+00 0.00000e+00 0.00000e+00 2.30903e-02 0.00000e+00 0.00000e+00
       -1.19329 0.00000e+00 0.00000e+00 0.00000e+00 2.32842e-02 0.00000e+00 0.00000e+00
       -1.19098 0.00000e+00 0.00000e+00 0.00000e+00 2.34800e-02 0.00000e+00 0.00000e+00
       -1.18868 0.00000e+00 0.00000e+00 0.00000e+00 2.36768e-02 0.00000e+00 0.00000e+00
       -1.18638 0.00000e+00 0.00000e+00 0.00000e+00 2.38748e-02 0.00000e+00 0.00000e+00
       -1.18408 0.00000e+00 0.00000e+00 0.00000e+00 2.40744e-02 0.00000e+00 0.00000e+00
       -1.18178 0.00000e+00 0.00000e+00 0.00000e+00 2.42750e-02 0.00000e+00 0.00000e+00
       -1.17948 0.00000e+00 0.00000e+00 0.00000e+00 2.44771e-02 0.00000e+00 0.00000e+00
       -1.17718 0.00000e+00 0.00000e+00 0.00000e+00 2.46809e-02 0.00000e+00 0.00000e+00
       -1.17488 0.00000e+00 0.00000e+00 0.00000e+00 2.48858e-02 0.00000e+00 0.00000e+00
       -1.17258 0.00000e+00 0.00000e+00 0.00000e+00 2.50922e-02 0.00000e+00 0.00000e+00
       -1.17028 0.00000e+00 0.00000e+00 0.00000e+00 2.53000e-02 0.00000e+00 0.00000e+00
       -1.16797 0.00000e+00 0.00000e+00 0.00000e+00 2.55089e-02 0.00000e+00 0.00000e+00
       -1.16567 0.00000e+00 0.00000e+00 0.00000e+00 2.57195e-02 0.00000e+00 0.00000e+00
       -1.16337 0.00000e+00 0.00000e+00 0.00000e+00 2.59313e-02 0.00000e+00 0.00000e+00
       -1.16107 0.00000e+00 0.00000e+00 0.00000e+00 2.61443e-02 0.00000e+00 0.00000e+00
       -1.15877 0.00000e+00 0.00000e+00 0.00000e+00 2.63592e-02 0.00000e+00 0.00000e+00
       -1.15647 0.00000e+00 0.00000e+00 0.00000e+00 2.65752e-02 0.00000e+00 0.00000e+00
       -1.15417 0.00000e+00 0.00000e+00 0.00000e+00 2.67925e-02 0.00000e+00 0.00000e+00
       -1.15187 0.00000e+00 0.00000e+00 0.00000e+00 2.70115e-02 0.00000e+00 0.00000e+00
       -1.14957 0.00000e+00 0.00000e+00 0.00000e+00 2.72317e-02 0.00000e+00 0.00000e+00
       -1.14727 0.00000e+00 0.00000e+00 0.00000e+00 2.74536e-02 0.00000e+00 0.00000e+00
       -1.14497 0.00000e+00 0.00000e+00 0.00000e+00 2.76769e-02 0.00000e+00 0.00000e+00
       -1.14266 0.00000e+00 0.00000e+00 0.00000e+00 2.79013e-02 0.00000e+00 0.00000e+00
       -1.14036 0.00000e+00 0.00000e+00 0.00000e+00 2.81274e-02 0.00000e+00 0.00000e+00
       -1.13806 0.00000e+00 0.00000e+00 0.00000e+00 2.83546e-02 0.00000e+00 0.00000e+00
       -1.13576 0.00000e+00 0.00000e+00 0.00000e+00 2.85834e-02 0.00000e+00 0.00000e+00
       -1.13346 0.00000e+00 0.00000e+00 0.00000e+00 2.88139e-02 0.00000e+00 0.00000e+00
       -1.13116 0.00000e+00 0.00000e+00 0.00000e+00 2.90455e-02 0.00000e+00 0.00000e+00
       -1.12886 0.00000e+00 0.00000e+00 0.00000e+00 2.92791e-02 0.00000e+00 0.00000e+00
       -1.12656 0.00000e+00 0.00000e+00 0.00000e+00 2.95140e-02 0.00000e+00 0.00000e+00
       -1.12426 0.00000e+00 0.00000e+00 0.00000e+00 2.97503e-02 0.00000e+00 0.00000e+00
       -1.12196 0.00000e+00 0.00000e+00 0.00000e+00 2.99882e-02 0.00000e+00 0.00000e+00
       -1.11965 0.00000e+00 0.00000e+00 0.00000e+00 3.02273e-02 0.00000e+00 0.00000e+00
       -1.11735 0.00000e+00 0.00000e+00 0.00000e+00 3.04683e-02 0.00000e+00 0.00000e+00
       -1.11505 0.00000e+00 0.00000e+00 0.00000e+00 3.07108e-02 0.00000e+00 0.00000e+00
       -1.11275 0.00000e+00 0.00000e+00 0.00000e+00 3.09547e-02 0.00000e+00 0.00000e+00
       -1.11045 0.00000e+00 0.00000e+00 0.00000e+00 3.12002e-02 0.00000e+00 0.00000e+00
       -1.10815 0.00000e+00 0.00000e+00 0.00000e+00 3.14469e-02 0.00000e+00 0.00000e+00
       -1.10585 0.00000e+00 0.00000e+00 0.00000e+00 3.16953e-02 0.00000e+00 0.00000e+00
       -1.10355 0.00000e+00 0.00000e+00 0.00000e+00 3.19451e-02 0.00000e+00 0.00000e+00
       -1.10125 0.00000e+00 0.00000e+00 0.00000e+00 3.21965e-02 0.00000e+00 0.00000e+00
       -1.09894 0.00000e+00 0.00000e+00 0.00000e+00 3.24493e-02 0.00000e+00 0.00000e+00
       -1.09664 0.00000e+00 0.00000e+00 0.00000e+00 3.27036e-02 0.00000e+00 0.00000e+00
       -1.09434 0.00000e+00 0.00000e+00 0.00000e+00 3.29596e-02 0.00000e+00 0.00000e+00
       -1.09204 0.00000e+00 0.00000e+00 0.00000e+00 3.32170e-02 0.00000e+00 0.00000e+00
       -1.08974 0.00000e+00 0.00000e+00 0.00000e+00 3.34760e-02 0.00000e+00 0.00000e+00
       -1.08744 0.00000e+00 0.00000e+00 0.00000e+00 3.37366e-02 0.00000e+00 0.00000e+00
       -1.08514 0.00000e+00 0.00000e+00 0.00000e+00 3.39985e-02 0.00000e+00 0.00000e+00
       -1.08284 0.00000e+00 0.00000e+00 0.00000e+00 3.42618e-02 0.00000e+00 0.00000e+00
       -1.08054 0.00000e+00 0.00000e+00 0.00000e+00 3.45266e-02 0.00000e+00 0.00000e+00
       -1.07824 0.00000e+00 0.00000e+00 0.00000e+00 3.47936e-02 0.00000e+00 0.00000e+00
       -1.07593 0.00000e+00 0.00000e+00 0.00000e+00 3.50620e-02 0.00000e+00 0.00000e+00
       -1.07363 0.00000e+00 0.00000e+00 0.00000e+00 3.53319e-02 0.00000e+00 0.00000e+00
       -1.07133 0.00000e+00 0.00000e+00 0.00000e+00 3.56032e-02 0.00000e+00 0.00000e+00
       -1.06903 0.00000e+00 0.00000e+00 0.00000e+00 3.58762e-02 0.00000e+00 0.00000e+00
       -1.06673 0.00000e+00 0.00000e+00 0.00000e+00 3.61508e-02 0.00000e+00 0.00000e+00
       -1.06443 0.00000e+00 0.00000e+00 0.00000e+00 3.64269e-02 0.00000e+00 0.00000e+00
       -1.06213 0.00000e+00 0.00000e+00 0.00000e+00 3.67044e-02 0.00000e+00 0.00000e+00
       -1.05983 0.00000e+00 0.00000e+00 0.00000e+00 3.69836e-02 0.00000e+00 0.00000e+00
       -1.05753 0.00000e+00 0.00000e+00 0.00000e+00 3.72645e-02 0.00000e+00 0.00000e+00
       -1.05523 0.00000e+00 0.00000e+00 0.00000e+00 3.75470e-02 0.00000e+00 0.00000e+00
       -1.05292 0.00000e+00 0.00000e+00 0.00000e+00 3.78309e-02 0.00000e+00 0.00000e+00
       -1.05062 0.00000e+00 0.00000e+00 0.00000e+00 3.81164e-02 0.00000e+00 0.00000e+00
       -1.04832 0.00000e+00 0.00000e+00 0.00000e+00 3.84038e-02 0.00000e+00 0.00000e+00
       -1.04602 0.00000e+00 0.00000e+00 0.00000e+00 3.86928e-02 0.00000e+00 0.00000e+00
       -1.04372 0.00000e+00 0.00000e+00 0.00000e+00 3.89833e-02 0.00000e+00 0.00000e+00
       -1.04142 0.00000e+00 0.00000e+00 0.00000e+00 3.92754e-02 0.00000e+00 0.00000e+00
       -1.03912 0.00000e+00 0.00000e+00 0.00000e+00 3.95690e-02 0.00000e+00 0.00000e+00
       -1.03682 0.00000e+00 0.00000e+00 0.00000e+00 3.98643e-02 0.00000e+00 0.00000e+00
       -1.03452 0.00000e+00 0.00000e+00 0.00000e+00 4.01610e-02 0.00000e+00 0.00000e+00
       -1.03221 0.00000e+00 0.00000e+00 0.00000e+00 4.04593e-02 0.00000e+00 0.00000e+00
       -1.02991 0.00000e+00 0.00000e+00 0.00000e+00 4.07596e-02 0.00000e+00 0.00000e+00
       -1.02761 0.00000e+00 0.00000e+00 0.00000e+00 4.10616e-02 0.00000e+00 0.00000e+00
       -1.02531 0.00000e+00 0.00000e+00 0.00000e+00 4.13648e-02 0.00000e+00 0.00000e+00
       -1.02301 0.00000e+00 0.00000e+00 0.00000e+00 4.16695e-02 0.00000e+00 0.00000e+00
       -1.02071 0.00000e+00 0.00000e+00 0.00000e+00 4.19762e-02 0.00000e+00 0.00000e+00
       -1.01841 0.00000e+00 0.00000e+00 0.00000e+00 4.22846e-02 0.00000e+00 0.00000e+00
       -1.01611 0.00000e+00 0.00000e+00 0.00000e+00 4.25944e-02 0.00000e+00 0.00000e+00
       -1.01381 0.00000e+00 0.00000e+00 0.00000e+00 4.29056e-02 0.00000e+00 0.00000e+00
       -1.01151 0.00000e+00 0.00000e+00 0.00000e+00 4.32189e-02 0.00000e+00 0.00000e+00
       -1.00920 0.00000e+00 0.00000e+00 0.00000e+00 4.35339e-02 0.00000e+00 0.00000e+00
       -1.00690 0.00000e+00 0.00000e+00 0.00000e+00 4.38502e-02 0.00000e+00 0.00000e+00
       -1.00460 0.00000e+00 0.00000e+00 0.00000e+00 4.41681e-02 0.00000e+00 0.00000e+00
       -1.00230 0.00000e+00 0.00000e+00 0.00000e+00 4.44877e-02 0.00000e+00 0.00000e+00
       -1.00000 0.00000e+00 0.00000e+00 0.00000e+00 4.48090e-02 0.00000e+00 0.00000e+00
